nan
nan
nan
nan
nan
nan
nan
nan
nan
nan
nan
nan
nan
nan
nan
nan
nan
nan
nan
nan
nan
nan
nan
nan
nan
nan
nan
nan
nan
nan
nan
nan
nan
nan
nan
nan
nan
nan
nan
nan
nan
28.00
25.33
28.00
28.00
28.00
28.14
28.90
29.27
28.94
28.69
28.52
28.65
28.90
28.89
28.80
28.39
28.13
27.96
27.81
27.54
27.26
26.81
26.46
26.00
25.60
25.12
24.73
24.33
24.02
23.64
23.28
22.97
22.72
22.43
22.18
21.97
21.79
21.58
21.40
21.24
21.06
20.90
20.77
20.65
20.53
20.41
20.31
20.23
20.15
20.08
20.05
20.02
20.01
20.00
20.00
20.00
20.00
20.00
20.00
20.00
