3.00
3.03
3.11
3.24
3.43
3.63
3.82
4.03
4.21
4.43
4.66
4.89
5.11
5.33
5.55
5.75
5.97
6.20
6.47
6.72
7.02
7.33
7.59
7.93
8.30
8.65
9.06
9.44
9.82
10.32
10.86
11.31
11.94
12.53
13.37
14.23
15.01
15.84
17.02
18.20
19.29
20.55
22.07
23.75
25.56
27.73
30.18
33.15
36.62
40.61
45.22
51.69
60.77
71.86
86.63
109.36
142.85
201.85
316.19
481.70
537.06
495.35
462.26
441.74
426.57
414.42
404.33
395.92
388.56
382.03
376.12
370.63
365.91
361.29
357.03
353.11
349.39
345.87
342.61
339.59
336.56
333.79
331.20
328.67
326.26
323.96
321.75
319.64
317.62
315.68
313.73
311.92
310.21
308.57
306.95
305.38
303.98
302.63
301.49
301.00
301.00
