3
8
12
16
21
28
34
47
61
75
91
106
119
133
150
164
185
201
222
237
263
288
317
342
368
392
427
457
487
516
548
576
613
639
670
694
719
750
779
801
839
869
906
931
967
998
1032
1062
1108
1134
1186
1206
1258
1281
1333
1351
1405
1418
1460
1474
1515
1532
1573
1588
1633
1642
1680
1694
1724
1737
1760
1781
1799
1820
1839
1866
1885
1911
1937
1963
1989
2022
2053
2088
2127
2151
2191
2222
2272
2294
2339
2370
2416
2442
2494
2521
2573
2597
2650
2680
2726
2765
2822
2861
2923
2964
3024
3056
3100
3138
3188
3223
3274
3306
3362
3392
3450
3490
3563
3600
3658
3697
3765
3804
3879
3932
4001
4053
4142
4208
4289
4357
4441
4496
4566
4624
4701
4759
4835
4884
4965
5006
5096
5137
5237
5298
5396
5457
5549
5603
5688
5735
5823
5885
5958
6043
6118
6208
6292
6379
6469
6551
6646
6740
6851
6940
7045
7130
7251
7345
7460
7562
7683
7792
7903
8015
8134
8247
8368
8499
8622
8723
8829
8930
9044
9177
9275
9410
9523
9651
9768
9913
10053
10185
10302
10431
10563
10717
10859
11017
11164
11316
11457
11607
11747
11911
12043
12208
12338
12493
12634
12800
12961
13132
13277
13439
13565
13729
13849
14019
14134
14297
14436
14586
14712
14863
14998
15143
15295
15436
15578
15743
15890
16053
16198
16366
16531
16720
16882
17048
17201
17366
17514
17684
17835
17997
18142
18330
18481
18669
18815
19020
19176
19393
19550
19778
19941
20165
20330
20552
20699
20931
21091
21296
21463
21653
21816
22000
22170
22344
22501
22681
22849
23052
23209
23405
23565
23746
23888
24081
24224
24432
24570
24771
24923
25146
25277
25473
25616
25796
25954
26148
26309
26502
26666
26850
27017
27196
27341
27526
27662
27851
27993
28184
28312
28505
28632
28821
28940
29119
29229
29407
29521
29713
29841
30045
30167
30350
30480
30677
30827
31017
31161
31385
31532
31746
31896
32116
32234
32467
32593
32820
32925
33167
33287
33507
33627
33834
33948
34156
34279
34502
34603
34837
34947
35176
35284
35505
35616
35855
35955
36180
36295
36525
36644
36875
36979
37204
37317
37539
37668
37914
38034
38248
38387
38623
38751
38992
39127
39390
39515
39786
39931
40186
40330
40586
40722
40975
41122
41366
41527
41774
41932
42177
42324
42579
42733
42980
43150
43401
43592
43845
44029
44276
44453
44688
44893
45151
45346
45602
45791
46039
46226
46474
46675
46939
47135
47399
47608
47878
48097
48380
48602
48866
49080
49350
49565
49849
50067
50344
50549
50861
51094
51408
51658
51945
52139
52434
52668
52938
53186
53450
53678
53962
54180
54455
54674
54941
55161
55456
55696
55966
56206
56485
56734
56985
57208
57475
57704
57968
58184
58449
58655
58930
59146
59406
59607
59881
60068
60365
60573
60851
61058
61314
61532
61803
62028
62303
62536
62824
63031
63306
63503
63781
63987
64252
64454
64727
64915
65193
65407
65691
65875
66178
66373
66665
66873
67147
67351
67656
67861
68159
68373
68673
68893
69198
69402
69683
69887
70182
70385
70683
70888
71172
71367
71675
71874
72147
72344
72635
72819
73106
73283
73566
73733
74022
74217
74489
74693
74961
75158
75428
75636
75893
76107
76376
76614
76880
77125
77410
77636
77920
78124
78386
78586
78844
79059
79315
79536
79773
80001
80243
80477
80728
80959
81211
81444
81699
81944
82209
82449
82696
82930
83201
83444
83715
83931
84177
84387
84639
84861
85125
85341
85598
85804
86064
86278
86555
86780
87053
87298
87588
87820
88133
88376
88662
88882
89184
89402
89704
89897
90191
90381
90675
90908
91190
91405
91675
91897
92159
92383
92652
92882
93148
93357
93639
93869
94156
94388
94674
94903
95180
95424
95707
95940
96213
96439
96701
96937
97185
97438
97681
97936
98167
98400
98632
98857
99088
99333
99566
99808
100047
100328
100550
100832
101046
101324
101563
101833
102046
102337
102554
102829
103054
103343
103590
103866
104085
104350
104580
104861
105106
105365
105602
105871
106122
106378
106647
106931
107186
107442
107698
107977
108236
108515
108762
109030
109279
109568
109819
110095
110363
110642
110880
111155
111397
111673
111901
112171
112396
112652
112874
113135
113372
113653
113873
114138
114353
114619
114812
115079
115272
115544
115764
116051
116261
116546
116765
117051
117244
117499
117669
117907
118112
118356
118546
118784
118977
119237
119450
119723
119905
120150
120362
120590
120805
121071
121303
121569
121787
122064
122270
122534
122760
122999
123202
123472
123664
123926
124135
124406
124612
124886
125079
125378
125577
125894
126076
126338
126547
126840
127068
127327
127571
127837
128044
128288
128494
128736
128939
129192
129396
129627
129825
130059
130255
130488
130689
130921
131099
131312
131490
131702
131881
132095
132275
132488
132671
132881
133077
133267
133454
133672
133863
134058
134246
134433
134625
134823
134999
135176
135367
135555
135733
135924
136093
136278
136460
136643
136813
136989
137163
137335
137524
137690
137872
138042
138232
138403
138584
138763
138927
139113
139288
139456
139615
139780
139994
140180
140381
140562
140766
140930
141125
141293
141467
141642
141807
141986
142156
142322
142492
142653
142840
143010
143177
143358
143522
143695
143862
144032
144194
144370
144530
144716
144845
145022
145166
145335
145477
145657
145791
145992
146116
146308
146429
146629
146767
146965
147077
147281
147401
147616
147747
147960
148069
148279
148389
148587
148693
148892
149011
149226
149331
149516
149611
149765
149857
150050
150144
150326
150407
150606
150702
150899
150987
151165
151253
151436
151517
151693
151781
151946
152042
152204
152317
152504
152605
152779
152885
153072
153189
153363
153480
153669
153784
153976
154105
154299
154426
154614
154734
154917
155038
155198
155329
155498
155623
155793
155930
156100
156261
156433
156584
156741
156906
157067
157246
157400
157566
157722
157866
158028
158166
158347
158487
158663
158812
158990
159133
159332
159485
159706
159859
160057
160208
160409
160558
160759
160899
161106
161253
161462
161606
161803
161939
162128
162265
162430
162566
162752
162875
163024
163141
163296
163420
163578
163688
163842
163951
164107
164205
164364
164455
164603
164684
164833
164923
165091
165159
165319
165402
165559
165633
165804
165849
165995
166051
166209
166272
166412
166469
166616
166669
166822
166875
167014
167061
167190
167231
167339
167381
167494
167532
167636
167681
167789
167830
167941
167980
168084
168130
168225
168267
168354
168391
168473
168502
