200	 7.115926
366	 6.705445
532	 6.675674
698	 6.778684
864	 6.906264
1030	 6.715012
1196	 6.688273
1362	 6.846831
1528	 6.745029
1694	 6.783171
1860	 6.840277
2026	 6.726443
2192	 6.804482
2358	 6.673444
2524	 6.728395
2690	 6.800793
2856	 6.748770
3022	 6.685168
3188	 6.723130
3354	 6.775245
3520	 6.700530
3686	 6.720070
3852	 6.831562
4018	 6.781295
4184	 6.692300
4350	 6.727629
4516	 6.742015
4682	 6.806036
4848	 6.756925
5014	 6.770137
5180	 6.765129
5346	 6.758462
5512	 6.778253
5678	 6.735868
5844	 6.731762
6010	 6.755384
6176	 6.749932
6342	 6.801260
6508	 6.729047
6674	 6.739988
6840	 6.762837
7006	 6.756923
7172	 6.780240
7338	 6.748007
7504	 6.763329
7670	 6.769244
7836	 6.766154
8002	 6.738020
8168	 6.756290
8334	 6.772300
8500	 6.774885
8666	 6.787204
8832	 6.744249
8998	 6.760463
9164	 6.704411
9330	 6.746987
9496	 6.757852
9662	 6.797343
9828	 6.741980
9994	 6.733406
10160	 6.820279
10326	 6.718272
10492	 6.741978
10658	 6.710375
10824	 6.722790
10990	 6.724411
11156	 6.793989
11322	 6.766397
11488	 6.723510
11654	 6.755632
11820	 6.769476
11986	 6.710571
12152	 6.719650
12318	 6.776989
12484	 6.744249
12650	 6.727621
12816	 6.763328
12982	 6.730517
13148	 6.746550
13314	 6.738990
13480	 6.763041
13646	 6.736941
13812	 6.726246
13978	 6.745973
14144	 6.744859
14310	 6.746242
14476	 6.732085
14642	 6.743935
14808	 6.726834
14974	 6.774748
15140	 6.749670
15306	 6.768199
15472	 6.764478
15638	 6.744685
15804	 6.750439
15970	 6.747679
16136	 6.758419
16302	 6.721062
16468	 6.764767
16634	 6.752616
16800	 6.732759
16966	 6.764116
17132	 6.737114
17298	 6.754747
17464	 6.754990
17630	 6.757559
17796	 6.766634
17962	 6.784513
18128	 6.768973
18294	 6.752786
18460	 6.729488
18626	 6.769488
18792	 6.748345
18958	 6.762564
19124	 6.747930
19290	 6.742048
19456	 6.745281
19622	 6.748206
19788	 6.774536
19954	 6.726426
20120	 6.722023
20286	 6.774660
20452	 6.741333
20618	 6.748543
20784	 6.782062
20950	 6.748799
21116	 6.738986
21282	 6.747774
21448	 6.762943
21614	 6.736930
21780	 6.749178
21946	 6.772732
22112	 6.728762
22278	 6.745076
22444	 6.769858
22610	 6.747606
22776	 6.755541
22942	 6.729643
23108	 6.766479
23274	 6.785851
23440	 6.762522
23606	 6.758787
23772	 6.756738
23938	 6.749902
24104	 6.742882
24270	 6.737711
24436	 6.737841
24602	 6.738751
24768	 6.734145
24934	 6.756470
25100	 6.734398
25266	 6.747752
25432	 6.749248
25598	 6.746114
25764	 6.749691
25930	 6.764533
26096	 6.740409
26262	 6.761262
26428	 6.755951
26594	 6.753409
26760	 6.760929
26926	 6.751098
27092	 6.752784
27258	 6.742165
27424	 6.750484
27590	 6.760604
27756	 6.735928
27922	 6.734773
28088	 6.727749
28254	 6.754767
28420	 6.752188
28586	 6.734078
28752	 6.768130
28918	 6.734186
29084	 6.759804
29250	 6.762897
29416	 6.765272
29582	 6.738845
29748	 6.770938
29914	 6.754544
30080	 6.765449
30246	 6.729970
30412	 6.721800
30578	 6.757576
30744	 6.747920
30910	 6.725846
31076	 6.757907
31242	 6.755583
31408	 6.772099
31574	 6.737723
31740	 6.723613
31906	 6.765321
32072	 6.753563
32238	 6.757568
32404	 6.730055
32570	 6.769555
32736	 6.755482
32902	 6.740892
33068	 6.745743
33234	 6.771160
33400	 6.757699
33566	 6.744384
33732	 6.748736
33898	 6.725828
34064	 6.749733
34230	 6.724492
34396	 6.749516
34562	 6.740978
34728	 6.761873
34894	 6.756115
35060	 6.733948
35226	 6.771035
35392	 6.743259
35558	 6.733004
35724	 6.741267
35890	 6.765806
36056	 6.759968
36222	 6.748038
36388	 6.735769
36554	 6.762035
36720	 6.765637
36886	 6.772869
37052	 6.747536
37218	 6.759397
37384	 6.749356
37550	 6.737483
37716	 6.744831
37882	 6.764430
38048	 6.776803
38214	 6.763733
38380	 6.757323
38546	 6.768295
38712	 6.741242
38878	 6.754311
39044	 6.738284
39210	 6.753107
39376	 6.730160
39542	 6.752674
39708	 6.743561
39874	 6.734454
40040	 6.767871
40206	 6.753356
40372	 6.762539
40538	 6.740006
40704	 6.737816
40870	 6.755743
41036	 6.751670
41202	 6.753524
41368	 6.768385
41534	 6.739600
41700	 6.760156
41866	 6.741976
42032	 6.741465
42198	 6.762288
42364	 6.738957
42530	 6.758228
42696	 6.760760
42862	 6.757378
43028	 6.761352
43194	 6.748050
43360	 6.757415
43526	 6.748643
43692	 6.761797
43858	 6.746466
44024	 6.752517
44190	 6.748374
44356	 6.749694
44522	 6.724000
44688	 6.731988
44854	 6.737709
45020	 6.751296
45186	 6.742019
45352	 6.752696
45518	 6.770406
45684	 6.750118
45850	 6.747111
46016	 6.748912
46182	 6.740949
46348	 6.752975
46514	 6.755234
46680	 6.739288
46846	 6.747405
47012	 6.748968
47178	 6.760871
47344	 6.752161
47510	 6.746565
47676	 6.743022
47842	 6.736881
48008	 6.747846
48174	 6.758403
48340	 6.752715
48506	 6.755166
48672	 6.756403
48838	 6.741264
49004	 6.752054
49170	 6.745081
49336	 6.776993
49502	 6.767247
49668	 6.765566
49834	 6.742872
50000	 6.753600
50166	 6.740906
50332	 6.765239
50498	 6.755454
50664	 6.753091
50830	 6.753439
50996	 6.769099
51162	 6.750364
51328	 6.742696
51494	 6.770343
51660	 6.734647
51826	 6.735485
51992	 6.757326
52158	 6.759580
52324	 6.774029
52490	 6.777850
52656	 6.751348
52822	 6.743504
52988	 6.754760
53154	 6.741661
53320	 6.752422
53486	 6.763157
53652	 6.740335
53818	 6.762219
53984	 6.741461
54150	 6.759962
54316	 6.759313
54482	 6.752640
54648	 6.749831
54814	 6.754882
54980	 6.736587
55146	 6.739716
55312	 6.753980
55478	 6.741678
55644	 6.753877
55810	 6.751255
55976	 6.759313
56142	 6.754767
56308	 6.750261
56474	 6.740119
56640	 6.766340
56806	 6.756807
56972	 6.738160
57138	 6.738214
57304	 6.752747
57470	 6.755836
57636	 6.748673
57802	 6.744247
57968	 6.753518
58134	 6.747127
58300	 6.759663
58466	 6.746010
58632	 6.744506
58798	 6.734724
58964	 6.744263
59130	 6.767928
59296	 6.753362
59462	 6.755273
59628	 6.752744
59794	 6.757070
59960	 6.750892
60126	 6.753800
60292	 6.753109
60458	 6.756715
60624	 6.763860
60790	 6.750347
60956	 6.750295
61122	 6.744777
61288	 6.742685
61454	 6.744046
61620	 6.747275
61786	 6.744495
61952	 6.756321
62118	 6.764421
62284	 6.755920
62450	 6.761078
62616	 6.746020
62782	 6.760312
62948	 6.766831
63114	 6.754301
63280	 6.763832
63446	 6.740020
63612	 6.747464
63778	 6.751320
63944	 6.756697
64110	 6.746124
64276	 6.754227
64442	 6.760904
64608	 6.751486
64774	 6.745867
64940	 6.745688
65106	 6.761445
65272	 6.767829
65438	 6.746809
65604	 6.751067
65770	 6.762774
65936	 6.767065
66102	 6.743749
66268	 6.755472
66434	 6.750170
66600	 6.756541
66766	 6.762892
66932	 6.731496
67098	 6.751586
67264	 6.741592
67430	 6.753569
67596	 6.769932
67762	 6.740795
67928	 6.753858
68094	 6.743687
68260	 6.771163
68426	 6.759126
68592	 6.743838
68758	 6.745427
68924	 6.741312
69090	 6.739622
69256	 6.753066
69422	 6.770137
69588	 6.749733
69754	 6.743936
69920	 6.749889
70086	 6.748353
70252	 6.762328
70418	 6.750382
70584	 6.763835
70750	 6.758790
70916	 6.756940
71082	 6.761490
71248	 6.742436
71414	 6.759843
71580	 6.741568
71746	 6.745767
71912	 6.760384
72078	 6.738942
72244	 6.751317
72410	 6.758760
72576	 6.748923
72742	 6.757398
72908	 6.756881
73074	 6.763654
73240	 6.752268
73406	 6.751504
73572	 6.757315
73738	 6.763903
73904	 6.762570
74070	 6.751611
74236	 6.758534
74402	 6.741943
74568	 6.736320
74734	 6.768008
74900	 6.754898
75066	 6.738487
75232	 6.741146
75398	 6.765021
75564	 6.754114
75730	 6.752013
75896	 6.740498
76062	 6.742182
76228	 6.750220
76394	 6.746912
76560	 6.753916
76726	 6.746995
76892	 6.757030
77058	 6.739583
77224	 6.752947
77390	 6.758505
77556	 6.757809
77722	 6.750389
77888	 6.757051
78054	 6.747445
78220	 6.744385
78386	 6.749275
78552	 6.758703
78718	 6.756767
78884	 6.759838
79050	 6.742100
79216	 6.757436
79382	 6.741549
79548	 6.759817
79714	 6.744937
79880	 6.738660
80046	 6.750186
80212	 6.747927
80378	 6.745468
80544	 6.750121
80710	 6.756120
80876	 6.745842
81042	 6.766155
81208	 6.763216
81374	 6.748675
81540	 6.743327
81706	 6.772945
81872	 6.756490
82038	 6.759528
82204	 6.761705
82370	 6.760185
82536	 6.749821
82702	 6.743364
82868	 6.742512
83034	 6.762088
83200	 6.742875
83366	 6.742938
83532	 6.744540
83698	 6.765155
83864	 6.743452
84030	 6.747829
84196	 6.751349
84362	 6.742925
84528	 6.743041
84694	 6.765486
84860	 6.753179
85026	 6.747045
85192	 6.741611
85358	 6.758387
85524	 6.750646
85690	 6.736055
85856	 6.749919
86022	 6.751775
86188	 6.746067
86354	 6.744615
86520	 6.745925
86686	 6.738569
86852	 6.735192
87018	 6.743001
87184	 6.753771
87350	 6.759343
87516	 6.751996
87682	 6.748131
87848	 6.759516
88014	 6.757062
88180	 6.739807
88346	 6.750842
88512	 6.755745
88678	 6.762452
88844	 6.762621
89010	 6.750747
89176	 6.752193
89342	 6.743446
89508	 6.765042
89674	 6.750187
89840	 6.766506
90006	 6.741784
90172	 6.750812
90338	 6.754842
90504	 6.749518
90670	 6.757941
90836	 6.737818
91002	 6.742843
91168	 6.763988
91334	 6.758999
91500	 6.737982
91666	 6.753916
91832	 6.763451
91998	 6.755204
92164	 6.766289
92330	 6.746134
92496	 6.767200
92662	 6.765057
92828	 6.766960
92994	 6.747175
93160	 6.750472
93326	 6.744409
93492	 6.754423
93658	 6.756886
93824	 6.745613
93990	 6.755101
94156	 6.763357
94322	 6.758377
94488	 6.756316
94654	 6.746795
94820	 6.741870
94986	 6.741925
95152	 6.755277
95318	 6.760909
95484	 6.759383
95650	 6.753667
95816	 6.745228
95982	 6.745569
96148	 6.758789
96314	 6.746004
96480	 6.771109
96646	 6.752160
96812	 6.738499
96978	 6.753526
97144	 6.760093
97310	 6.742141
97476	 6.750825
97642	 6.753693
97808	 6.752255
97974	 6.748142
98140	 6.743885
98306	 6.750248
98472	 6.746671
98638	 6.744071
98804	 6.755215
98970	 6.746867
99136	 6.744366
99302	 6.733303
99468	 6.771093
99634	 6.762540
99800	 6.744764
99966	 6.758751
100132	 6.748024
100298	 6.752444
100464	 6.756749
100630	 6.754296
100796	 6.756904
100962	 6.742783
101128	 6.751162
101294	 6.755997
101460	 6.746488
101626	 6.756397
101792	 6.755759
101958	 6.754996
102124	 6.747994
102290	 6.756350
102456	 6.738385
102622	 6.749689
102788	 6.756134
102954	 6.746604
103120	 6.749870
103286	 6.752626
103452	 6.757232
103618	 6.745409
103784	 6.762260
103950	 6.751466
104116	 6.741518
104282	 6.747562
104448	 6.752783
104614	 6.765142
104780	 6.744978
104946	 6.757154
105112	 6.751470
105278	 6.750261
105444	 6.760002
105610	 6.748545
105776	 6.755410
105942	 6.751339
106108	 6.755400
106274	 6.738137
106440	 6.769822
106606	 6.759070
106772	 6.759361
106938	 6.755393
107104	 6.745079
107270	 6.748885
107436	 6.740251
107602	 6.751006
107768	 6.751000
107934	 6.757373
108100	 6.751714
108266	 6.748304
108432	 6.750635
108598	 6.740454
108764	 6.762209
108930	 6.749424
109096	 6.751337
109262	 6.757696
109428	 6.739274
109594	 6.749004
109760	 6.750727
109926	 6.743553
110092	 6.743665
110258	 6.768965
110424	 6.745336
110590	 6.745508
110756	 6.752364
110922	 6.755649
111088	 6.763696
111254	 6.754057
111420	 6.744371
111586	 6.751657
111752	 6.758322
111918	 6.747182
112084	 6.757307
112250	 6.745374
112416	 6.754601
112582	 6.743749
112748	 6.745119
112914	 6.745353
113080	 6.751353
113246	 6.750009
113412	 6.756001
113578	 6.765662
113744	 6.754475
113910	 6.755950
114076	 6.744664
114242	 6.757693
114408	 6.752454
114574	 6.759258
114740	 6.755260
114906	 6.752615
115072	 6.744876
115238	 6.761246
115404	 6.747864
115570	 6.750679
115736	 6.743906
115902	 6.754796
116068	 6.758541
116234	 6.744110
116400	 6.760669
116566	 6.743737
116732	 6.748127
116898	 6.752122
117064	 6.748556
117230	 6.748237
117396	 6.743787
117562	 6.750878
117728	 6.744663
117894	 6.758264
118060	 6.754185
118226	 6.745689
118392	 6.760773
118558	 6.753531
118724	 6.757479
118890	 6.771129
119056	 6.751755
119222	 6.745401
119388	 6.756055
119554	 6.753910
119720	 6.745189
119886	 6.758341
120052	 6.754952
120218	 6.749881
120384	 6.755604
120550	 6.743282
120716	 6.752632
120882	 6.748296
121048	 6.742652
121214	 6.749032
121380	 6.756791
121546	 6.757906
121712	 6.742131
121878	 6.741641
122044	 6.740856
122210	 6.742776
122376	 6.751633
122542	 6.758121
122708	 6.749108
122874	 6.754449
123040	 6.745835
123206	 6.746810
123372	 6.746591
123538	 6.758797
123704	 6.756557
123870	 6.748176
124036	 6.752884
124202	 6.750852
124368	 6.750398
124534	 6.752421
124700	 6.750754
124866	 6.749231
125032	 6.763936
125198	 6.758559
125364	 6.758718
125530	 6.756849
125696	 6.739245
125862	 6.746316
126028	 6.751394
126194	 6.747964
126360	 6.760772
126526	 6.747256
126692	 6.752686
126858	 6.749207
127024	 6.747265
127190	 6.751686
127356	 6.761321
127522	 6.746529
127688	 6.754325
127854	 6.754243
128020	 6.765195
128186	 6.753746
128352	 6.751976
128518	 6.750907
128684	 6.761100
128850	 6.752062
129016	 6.754436
129182	 6.751059
129348	 6.739769
129514	 6.750682
129680	 6.753631
129846	 6.752740
130012	 6.747762
130178	 6.754402
130344	 6.753647
130510	 6.763051
130676	 6.750975
130842	 6.746454
131008	 6.749870
131174	 6.737558
131340	 6.751018
131506	 6.758675
131672	 6.741317
131838	 6.745597
132004	 6.754404
132170	 6.746744
132336	 6.761166
132502	 6.750454
132668	 6.756554
132834	 6.758086
133000	 6.750902
133166	 6.757997
133332	 6.764465
133498	 6.748960
133664	 6.746610
133830	 6.747625
133996	 6.750697
134162	 6.752645
134328	 6.747379
134494	 6.752332
134660	 6.754566
134826	 6.755880
134992	 6.757566
135158	 6.747243
135324	 6.747609
135490	 6.756514
135656	 6.752697
135822	 6.755310
135988	 6.750979
136154	 6.753792
136320	 6.752291
136486	 6.752850
136652	 6.752987
136818	 6.748269
136984	 6.752888
137150	 6.746507
137316	 6.758260
137482	 6.757481
137648	 6.751897
137814	 6.752721
137980	 6.743146
138146	 6.756236
138312	 6.748523
138478	 6.741540
138644	 6.750295
138810	 6.752534
138976	 6.748383
139142	 6.752811
139308	 6.750498
139474	 6.754434
139640	 6.747519
139806	 6.755061
139972	 6.755982
140138	 6.738734
140304	 6.761414
140470	 6.764802
140636	 6.750423
140802	 6.748894
140968	 6.754435
141134	 6.745711
141300	 6.761759
141466	 6.756885
141632	 6.751958
141798	 6.756630
141964	 6.755087
142130	 6.744307
142296	 6.751000
142462	 6.753982
142628	 6.751825
142794	 6.747591
142960	 6.743616
143126	 6.756385
143292	 6.744501
143458	 6.758940
143624	 6.751049
143790	 6.739750
143956	 6.747738
144122	 6.751854
144288	 6.745603
144454	 6.750433
144620	 6.757305
144786	 6.751434
144952	 6.760583
145118	 6.754062
145284	 6.753674
145450	 6.746356
145616	 6.760029
145782	 6.749828
145948	 6.761106
146114	 6.754727
146280	 6.755500
146446	 6.754267
146612	 6.746052
146778	 6.757345
146944	 6.754264
147110	 6.748313
147276	 6.749427
147442	 6.750108
147608	 6.752693
147774	 6.755522
147940	 6.756895
148106	 6.748464
148272	 6.759340
148438	 6.749206
148604	 6.750505
148770	 6.746649
148936	 6.760751
149102	 6.756007
149268	 6.758226
149434	 6.742624
149600	 6.755880
149766	 6.750640
149932	 6.751239
150098	 6.754980
150264	 6.752034
150430	 6.746458
150596	 6.749704
150762	 6.747040
150928	 6.761061
151094	 6.759002
151260	 6.746306
151426	 6.744213
151592	 6.752182
151758	 6.756068
151924	 6.744764
152090	 6.751692
152256	 6.750010
152422	 6.748394
152588	 6.752383
152754	 6.751514
152920	 6.742319
153086	 6.748928
153252	 6.741654
153418	 6.755954
153584	 6.752704
153750	 6.752732
153916	 6.752569
154082	 6.750292
154248	 6.758272
154414	 6.760014
154580	 6.747071
154746	 6.757665
154912	 6.757008
155078	 6.745410
155244	 6.742731
155410	 6.750547
155576	 6.752366
155742	 6.736573
155908	 6.758646
156074	 6.746850
156240	 6.760603
156406	 6.757035
156572	 6.743967
156738	 6.737725
156904	 6.758625
157070	 6.755897
157236	 6.758601
157402	 6.751438
157568	 6.750804
157734	 6.762462
157900	 6.749280
158066	 6.754796
158232	 6.758166
158398	 6.757503
158564	 6.744933
158730	 6.752405
158896	 6.749777
159062	 6.737250
159228	 6.749249
159394	 6.748490
159560	 6.760946
159726	 6.755655
159892	 6.757636
160058	 6.754458
160224	 6.759994
160390	 6.743365
160556	 6.744960
160722	 6.742524
160888	 6.755829
161054	 6.744518
161220	 6.746128
161386	 6.750865
161552	 6.756596
161718	 6.755477
161884	 6.749082
162050	 6.754900
162216	 6.753703
162382	 6.745597
162548	 6.754791
162714	 6.761818
162880	 6.743794
163046	 6.751643
163212	 6.747573
163378	 6.749527
163544	 6.748337
163710	 6.744424
163876	 6.749271
164042	 6.761645
164208	 6.760164
164374	 6.756453
164540	 6.750845
164706	 6.740428
164872	 6.746798
165038	 6.747392
165204	 6.737783
165370	 6.742860
165536	 6.751439
165702	 6.738011
165868	 6.746538
166034	 6.754402
166200	 6.740061
166366	 6.744480
166532	 6.750546
166698	 6.752864
166864	 6.742241
167030	 6.762357
167196	 6.758732
167362	 6.746178
167528	 6.746442
167694	 6.750667
167860	 6.765331
168026	 6.756032
168192	 6.758827
168358	 6.762188
168524	 6.754007
168690	 6.759948
168856	 6.751176
169022	 6.740185
169188	 6.748841
169354	 6.749395
169520	 6.753509
169686	 6.748872
169852	 6.744379
170018	 6.759224
170184	 6.760553
170350	 6.744268
170516	 6.749050
170682	 6.746497
170848	 6.756203
171014	 6.744291
171180	 6.747661
171346	 6.741995
171512	 6.746539
171678	 6.743695
171844	 6.750830
172010	 6.755832
172176	 6.756353
172342	 6.759565
172508	 6.746289
172674	 6.749499
172840	 6.757395
173006	 6.752639
173172	 6.761280
173338	 6.760449
173504	 6.743103
173670	 6.751052
173836	 6.747796
174002	 6.741223
174168	 6.753878
174334	 6.770380
174500	 6.750927
174666	 6.759992
174832	 6.749927
174998	 6.741923
175164	 6.756429
175330	 6.748450
175496	 6.750067
175662	 6.755610
175828	 6.747270
175994	 6.753388
176160	 6.758032
176326	 6.749851
176492	 6.751873
176658	 6.746446
176824	 6.752849
176990	 6.752217
177156	 6.751763
177322	 6.753727
177488	 6.741516
177654	 6.753573
177820	 6.746615
177986	 6.751319
178152	 6.755280
178318	 6.750283
178484	 6.758194
178650	 6.761745
178816	 6.749493
178982	 6.757574
179148	 6.755121
179314	 6.757100
179480	 6.748015
179646	 6.762183
179812	 6.759116
179978	 6.758316
180144	 6.752925
180310	 6.751721
180476	 6.755812
180642	 6.746828
180808	 6.747899
180974	 6.749211
181140	 6.758112
181306	 6.742776
181472	 6.751572
181638	 6.757480
181804	 6.745787
181970	 6.749440
182136	 6.753227
182302	 6.744173
182468	 6.744696
182634	 6.759678
182800	 6.753118
182966	 6.743534
183132	 6.748970
183298	 6.758794
183464	 6.742568
183630	 6.749875
183796	 6.751899
183962	 6.755701
184128	 6.750046
184294	 6.750676
184460	 6.751102
184626	 6.748361
184792	 6.745872
184958	 6.752102
185124	 6.759860
185290	 6.748404
185456	 6.753253
185622	 6.753644
185788	 6.749597
185954	 6.756200
186120	 6.753494
186286	 6.751136
186452	 6.752922
186618	 6.752504
186784	 6.761857
186950	 6.747122
187116	 6.756886
187282	 6.747974
187448	 6.752040
187614	 6.742867
187780	 6.759960
187946	 6.753431
188112	 6.754506
188278	 6.752593
188444	 6.754771
188610	 6.753966
188776	 6.749907
188942	 6.746158
189108	 6.754449
189274	 6.748535
189440	 6.754236
189606	 6.750708
189772	 6.749583
189938	 6.754635
190104	 6.766575
190270	 6.756413
190436	 6.744956
190602	 6.749387
190768	 6.752857
190934	 6.745221
191100	 6.750646
191266	 6.741135
191432	 6.752961
191598	 6.755477
191764	 6.745959
191930	 6.750805
192096	 6.757698
192262	 6.751783
192428	 6.751274
192594	 6.752252
192760	 6.750434
192926	 6.749157
193092	 6.749692
193258	 6.749052
193424	 6.748226
193590	 6.751841
193756	 6.748958
193922	 6.749550
194088	 6.747563
194254	 6.753505
194420	 6.745188
194586	 6.756939
194752	 6.746115
194918	 6.748048
195084	 6.749310
195250	 6.759065
195416	 6.754972
195582	 6.758347
195748	 6.750846
195914	 6.747454
196080	 6.761301
196246	 6.753438
196412	 6.751862
196578	 6.749045
196744	 6.749285
196910	 6.751117
197076	 6.746610
197242	 6.754206
197408	 6.745757
197574	 6.761317
197740	 6.755890
197906	 6.752344
198072	 6.754525
198238	 6.755605
198404	 6.754110
198570	 6.751824
198736	 6.753976
198902	 6.754803
199068	 6.738530
199234	 6.750451
199400	 6.746795
199566	 6.751680
199732	 6.756428
199898	 6.749120
200064	 6.748899
200230	 6.743540
200396	 6.748039
200562	 6.743554
200728	 6.741744
200894	 6.750198
201060	 6.756690
201226	 6.751385
201392	 6.751541
201558	 6.759490
201724	 6.748268
201890	 6.748513
202056	 6.753189
202222	 6.747205
202388	 6.759926
202554	 6.749407
202720	 6.753034
202886	 6.745474
203052	 6.749232
203218	 6.754550
203384	 6.758151
203550	 6.750582
203716	 6.756685
203882	 6.747951
204048	 6.750824
204214	 6.748611
204380	 6.740367
204546	 6.752222
204712	 6.757599
204878	 6.742584
205044	 6.745865
205210	 6.747617
205376	 6.748302
205542	 6.753135
205708	 6.751043
205874	 6.746654
206040	 6.744692
206206	 6.738912
206372	 6.753433
206538	 6.755379
206704	 6.753011
206870	 6.750290
207036	 6.759481
207202	 6.746559
207368	 6.758079
207534	 6.742756
207700	 6.755086
207866	 6.748119
208032	 6.752306
208198	 6.755049
208364	 6.749524
208530	 6.759022
208696	 6.747967
208862	 6.754287
209028	 6.759741
209194	 6.749057
209360	 6.749217
209526	 6.749866
209692	 6.753870
209858	 6.754337
210024	 6.753605
210190	 6.739061
210356	 6.748950
210522	 6.762802
210688	 6.760356
210854	 6.760267
211020	 6.757844
211186	 6.754509
211352	 6.747840
211518	 6.753663
211684	 6.747608
211850	 6.743150
212016	 6.752642
212182	 6.749753
212348	 6.751109
212514	 6.760048
212680	 6.751377
212846	 6.751340
213012	 6.746443
213178	 6.755380
213344	 6.749812
213510	 6.754473
213676	 6.760678
213842	 6.755878
214008	 6.748141
214174	 6.755920
214340	 6.753147
214506	 6.757031
214672	 6.753163
214838	 6.751171
215004	 6.761359
215170	 6.743858
215336	 6.750084
215502	 6.754274
215668	 6.746851
215834	 6.751019
216000	 6.745660
216166	 6.756230
216332	 6.753485
216498	 6.745248
216664	 6.747451
216830	 6.758355
216996	 6.762877
217162	 6.754222
217328	 6.750200
217494	 6.762289
217660	 6.752489
217826	 6.753573
217992	 6.758246
218158	 6.752804
218324	 6.750115
218490	 6.754343
218656	 6.750724
218822	 6.758820
218988	 6.742751
219154	 6.747303
219320	 6.761754
219486	 6.750371
219652	 6.749099
219818	 6.751495
219984	 6.752621
220150	 6.748616
220316	 6.739437
220482	 6.755460
220648	 6.753010
220814	 6.752321
220980	 6.759664
221146	 6.755863
221312	 6.752006
221478	 6.754640
221644	 6.746688
221810	 6.744384
221976	 6.751776
222142	 6.756994
222308	 6.755555
222474	 6.753174
222640	 6.751105
222806	 6.753450
222972	 6.759522
223138	 6.754493
223304	 6.749788
223470	 6.753341
223636	 6.758781
223802	 6.744268
223968	 6.750464
224134	 6.754296
224300	 6.750987
224466	 6.750690
224632	 6.749167
224798	 6.745155
224964	 6.750215
225130	 6.751873
225296	 6.754718
225462	 6.753976
225628	 6.753387
225794	 6.758767
225960	 6.750913
226126	 6.749381
226292	 6.756532
226458	 6.757986
226624	 6.744872
226790	 6.743769
226956	 6.754394
227122	 6.750097
227288	 6.757288
227454	 6.754860
227620	 6.749354
227786	 6.746706
227952	 6.749278
228118	 6.751082
228284	 6.754771
228450	 6.750544
228616	 6.756987
228782	 6.740524
228948	 6.752291
229114	 6.753933
229280	 6.760786
229446	 6.757805
229612	 6.754952
229778	 6.752803
229944	 6.744075
230110	 6.749089
230276	 6.749427
230442	 6.746165
230608	 6.745088
230774	 6.748799
230940	 6.751878
231106	 6.758544
231272	 6.757458
231438	 6.749740
231604	 6.738926
231770	 6.752732
231936	 6.743594
232102	 6.752195
232268	 6.763000
232434	 6.753529
232600	 6.751047
232766	 6.747637
232932	 6.751431
233098	 6.756178
233264	 6.753575
233430	 6.753368
233596	 6.748331
233762	 6.750710
233928	 6.748795
234094	 6.751009
234260	 6.757693
234426	 6.753632
234592	 6.747256
234758	 6.750769
234924	 6.748439
235090	 6.745813
235256	 6.746881
235422	 6.743660
235588	 6.758284
235754	 6.751376
235920	 6.748027
236086	 6.762086
236252	 6.750051
236418	 6.749957
236584	 6.750732
236750	 6.748030
236916	 6.749223
237082	 6.743334
237248	 6.754381
237414	 6.749069
237580	 6.748786
237746	 6.752190
237912	 6.743664
238078	 6.751266
238244	 6.750314
238410	 6.740054
238576	 6.754045
238742	 6.749715
238908	 6.753507
239074	 6.754913
239240	 6.753299
239406	 6.746860
239572	 6.750781
239738	 6.743293
239904	 6.753601
240070	 6.752748
240236	 6.746349
240402	 6.750153
240568	 6.752530
240734	 6.762398
240900	 6.752647
241066	 6.755647
241232	 6.752222
241398	 6.752724
241564	 6.755173
241730	 6.758277
241896	 6.756171
242062	 6.749266
242228	 6.757328
242394	 6.745016
242560	 6.748632
242726	 6.754751
242892	 6.749164
243058	 6.750444
243224	 6.756484
243390	 6.743407
243556	 6.755046
243722	 6.743122
243888	 6.757342
244054	 6.747391
244220	 6.749470
244386	 6.748439
244552	 6.746054
244718	 6.750373
244884	 6.756438
245050	 6.756659
245216	 6.747722
245382	 6.753687
245548	 6.750319
245714	 6.747361
245880	 6.757857
246046	 6.751165
246212	 6.737971
246378	 6.751751
246544	 6.747772
246710	 6.749806
246876	 6.753321
247042	 6.755958
247208	 6.754876
247374	 6.756241
247540	 6.745980
247706	 6.765010
247872	 6.751633
248038	 6.750812
248204	 6.750664
248370	 6.746713
248536	 6.753275
248702	 6.749395
248868	 6.749182
249034	 6.750817
249200	 6.750550
249366	 6.754092
249532	 6.756515
249698	 6.744980
249864	 6.751890
250030	 6.756900
250196	 6.757564
250362	 6.749734
250528	 6.753277
250694	 6.757519
250860	 6.755743
251026	 6.751592
251192	 6.747971
251358	 6.753439
251524	 6.755715
251690	 6.743731
251856	 6.756293
252022	 6.749460
252188	 6.758210
252354	 6.755355
252520	 6.746918
252686	 6.751101
252852	 6.760000
253018	 6.755396
253184	 6.754612
253350	 6.749501
253516	 6.751751
253682	 6.750078
253848	 6.748848
254014	 6.746149
254180	 6.753285
254346	 6.752891
254512	 6.753365
254678	 6.752900
254844	 6.748882
255010	 6.748994
255176	 6.745930
255342	 6.759730
255508	 6.757779
255674	 6.759286
255840	 6.744926
256006	 6.750764
256172	 6.751007
256338	 6.747411
256504	 6.752386
256670	 6.748643
256836	 6.747423
257002	 6.746587
257168	 6.739136
257334	 6.753180
257500	 6.753385
257666	 6.748434
257832	 6.759399
257998	 6.751020
258164	 6.759286
258330	 6.749295
258496	 6.751224
258662	 6.751625
258828	 6.749034
258994	 6.762116
259160	 6.758763
259326	 6.755791
259492	 6.750924
259658	 6.752991
259824	 6.761069
259990	 6.743168
260156	 6.755458
260322	 6.752813
260488	 6.751857
260654	 6.753785
260820	 6.751999
260986	 6.749665
261152	 6.750099
261318	 6.745614
261484	 6.749899
261650	 6.745222
261816	 6.756833
261982	 6.753565
262148	 6.753819
262314	 6.750638
262480	 6.754280
262646	 6.753690
262812	 6.747967
262978	 6.749889
263144	 6.748913
263310	 6.753648
263476	 6.752571
263642	 6.749116
263808	 6.756660
263974	 6.752917
264140	 6.751133
264306	 6.754501
264472	 6.757913
264638	 6.754992
264804	 6.742942
264970	 6.751727
265136	 6.753382
265302	 6.745814
265468	 6.754164
265634	 6.749258
265800	 6.748544
265966	 6.752647
266132	 6.748534
266298	 6.758094
266464	 6.750699
266630	 6.754696
266796	 6.746256
266962	 6.750848
267128	 6.748147
267294	 6.753519
267460	 6.758183
267626	 6.750583
267792	 6.755232
267958	 6.756450
268124	 6.750126
268290	 6.746763
268456	 6.756794
268622	 6.750175
268788	 6.749073
268954	 6.746502
269120	 6.747099
269286	 6.755365
269452	 6.753208
269618	 6.756355
269784	 6.758256
269950	 6.755210
270116	 6.749276
270282	 6.752704
270448	 6.751085
270614	 6.744550
270780	 6.752812
270946	 6.748435
271112	 6.743917
271278	 6.751178
271444	 6.751507
271610	 6.746731
271776	 6.751646
271942	 6.755875
272108	 6.748922
272274	 6.750773
272440	 6.756880
272606	 6.756020
272772	 6.749689
272938	 6.748972
273104	 6.753932
273270	 6.750679
273436	 6.748723
273602	 6.754722
273768	 6.752139
273934	 6.760888
274100	 6.751266
274266	 6.758499
274432	 6.745927
274598	 6.751264
274764	 6.750508
274930	 6.752789
275096	 6.755805
275262	 6.746109
275428	 6.750099
275594	 6.744254
275760	 6.753652
275926	 6.754782
276092	 6.752994
276258	 6.757533
276424	 6.755295
276590	 6.747644
276756	 6.751801
276922	 6.750984
277088	 6.755451
277254	 6.750843
277420	 6.753806
277586	 6.750634
277752	 6.756664
277918	 6.753456
278084	 6.747132
278250	 6.752711
278416	 6.758200
278582	 6.749664
278748	 6.748916
278914	 6.743169
279080	 6.754581
279246	 6.746843
279412	 6.752363
279578	 6.754301
279744	 6.752649
279910	 6.760071
280076	 6.747280
280242	 6.754255
280408	 6.753852
280574	 6.756296
280740	 6.747738
280906	 6.755773
281072	 6.745737
281238	 6.752311
281404	 6.750668
281570	 6.742135
281736	 6.751343
281902	 6.748918
282068	 6.756028
282234	 6.757526
282400	 6.749541
282566	 6.755539
282732	 6.756992
282898	 6.755886
283064	 6.748320
283230	 6.754074
283396	 6.751848
283562	 6.753865
283728	 6.752752
283894	 6.753484
284060	 6.750587
284226	 6.753184
284392	 6.755587
284558	 6.751841
284724	 6.749702
284890	 6.755841
285056	 6.746744
285222	 6.753747
285388	 6.755330
285554	 6.745082
285720	 6.755814
285886	 6.747571
286052	 6.747745
286218	 6.752440
286384	 6.743934
286550	 6.746880
286716	 6.754527
286882	 6.752141
287048	 6.757098
287214	 6.752905
287380	 6.755799
287546	 6.745414
287712	 6.751905
287878	 6.745646
288044	 6.747850
288210	 6.759786
288376	 6.741481
288542	 6.758097
288708	 6.754592
288874	 6.751574
289040	 6.755867
289206	 6.757443
289372	 6.750869
289538	 6.750763
289704	 6.743019
289870	 6.750372
290036	 6.759881
290202	 6.755158
290368	 6.750035
290534	 6.746269
290700	 6.747288
290866	 6.747953
291032	 6.756029
291198	 6.752463
291364	 6.752236
291530	 6.752176
291696	 6.752118
291862	 6.753422
292028	 6.748441
292194	 6.744827
292360	 6.752398
292526	 6.757992
292692	 6.755965
292858	 6.742793
293024	 6.743250
293190	 6.743995
293356	 6.742198
293522	 6.751225
293688	 6.743139
293854	 6.745892
294020	 6.749775
294186	 6.762067
294352	 6.746415
294518	 6.751868
294684	 6.760862
294850	 6.760467
295016	 6.757795
295182	 6.747969
295348	 6.746974
295514	 6.751303
295680	 6.751599
295846	 6.755083
296012	 6.750587
296178	 6.747210
296344	 6.752950
296510	 6.740284
296676	 6.746076
296842	 6.747997
297008	 6.756162
297174	 6.754830
297340	 6.748725
297506	 6.756308
297672	 6.756304
297838	 6.753756
298004	 6.747050
298170	 6.748277
298336	 6.761688
298502	 6.755581
298668	 6.748216
298834	 6.752456
299000	 6.747749
299166	 6.754309
299332	 6.751709
299498	 6.753132
299664	 6.748067
299830	 6.752476
299996	 6.750748
300162	 6.748459
300328	 6.751948
300494	 6.751269
300660	 6.752225
300826	 6.759325
300992	 6.754210
301158	 6.754236
301324	 6.754456
301490	 6.759828
301656	 6.758333
301822	 6.753454
301988	 6.750213
302154	 6.748394
302320	 6.753431
302486	 6.746819
302652	 6.753823
302818	 6.747131
302984	 6.752434
303150	 6.744473
303316	 6.757002
303482	 6.744459
303648	 6.754967
303814	 6.746538
303980	 6.753775
304146	 6.752324
304312	 6.748095
304478	 6.750794
304644	 6.748851
304810	 6.757558
304976	 6.749556
305142	 6.751159
305308	 6.755222
305474	 6.754336
305640	 6.749843
305806	 6.754950
305972	 6.754003
306138	 6.754117
306304	 6.747253
306470	 6.753270
306636	 6.757260
306802	 6.753020
306968	 6.749211
307134	 6.748582
307300	 6.753176
307466	 6.750831
307632	 6.752651
307798	 6.761469
307964	 6.748555
308130	 6.753161
308296	 6.747644
308462	 6.748634
308628	 6.749250
308794	 6.751858
308960	 6.747626
309126	 6.755870
309292	 6.752543
309458	 6.748135
309624	 6.752815
309790	 6.744336
309956	 6.753696
310122	 6.750750
310288	 6.746378
310454	 6.748962
310620	 6.754744
310786	 6.746368
310952	 6.753443
311118	 6.755945
311284	 6.754741
311450	 6.748392
311616	 6.758484
311782	 6.752821
311948	 6.748712
312114	 6.747817
312280	 6.753051
312446	 6.753448
312612	 6.755049
312778	 6.753668
312944	 6.752435
313110	 6.756927
313276	 6.753675
313442	 6.744389
313608	 6.747720
313774	 6.752007
313940	 6.752091
314106	 6.746674
314272	 6.748144
314438	 6.741123
314604	 6.748276
314770	 6.755776
314936	 6.755606
315102	 6.749941
315268	 6.749094
315434	 6.750762
315600	 6.755546
315766	 6.748767
315932	 6.747993
316098	 6.757023
316264	 6.752881
316430	 6.753447
316596	 6.750396
316762	 6.746197
316928	 6.748580
317094	 6.748800
317260	 6.746994
317426	 6.748814
317592	 6.750629
317758	 6.749167
317924	 6.744665
318090	 6.746442
318256	 6.756704
318422	 6.749179
318588	 6.754131
318754	 6.754262
318920	 6.748601
319086	 6.750881
319252	 6.754380
319418	 6.750143
319584	 6.756256
319750	 6.751527
319916	 6.754102
320082	 6.749779
320248	 6.752022
320414	 6.753318
320580	 6.743989
320746	 6.754255
320912	 6.761302
321078	 6.760552
321244	 6.753904
321410	 6.752887
321576	 6.746992
321742	 6.747078
321908	 6.749142
322074	 6.755358
322240	 6.754848
322406	 6.747169
322572	 6.754921
322738	 6.749768
322904	 6.759860
323070	 6.753270
323236	 6.752889
323402	 6.757037
323568	 6.750552
323734	 6.756033
323900	 6.749746
324066	 6.754158
324232	 6.749070
324398	 6.745523
324564	 6.754008
324730	 6.747999
324896	 6.748853
325062	 6.760920
325228	 6.756689
325394	 6.754046
325560	 6.758713
325726	 6.751748
325892	 6.753924
326058	 6.753147
326224	 6.753188
326390	 6.751183
326556	 6.748517
326722	 6.757343
326888	 6.747765
327054	 6.750517
327220	 6.751362
327386	 6.745555
327552	 6.752487
327718	 6.755186
327884	 6.758158
328050	 6.751445
328216	 6.750632
328382	 6.744634
328548	 6.756525
328714	 6.754502
328880	 6.751541
329046	 6.756013
329212	 6.755885
329378	 6.752118
329544	 6.755934
329710	 6.746349
329876	 6.754885
330042	 6.748282
330208	 6.754596
330374	 6.741749
330540	 6.753092
330706	 6.752953
330872	 6.753317
331038	 6.757350
331204	 6.752830
331370	 6.752071
331536	 6.755951
331702	 6.742113
331868	 6.749386
332034	 6.759823
332200	 6.752646
332366	 6.748634
332532	 6.748819
332698	 6.752081
332864	 6.749899
333030	 6.750642
333196	 6.750907
333362	 6.754118
333528	 6.761595
333694	 6.755385
333860	 6.746225
334026	 6.748155
334192	 6.748987
334358	 6.744530
334524	 6.753381
334690	 6.753745
334856	 6.756203
335022	 6.740322
335188	 6.749779
335354	 6.747142
335520	 6.764274
335686	 6.749310
335852	 6.751247
336018	 6.754789
336184	 6.752070
336350	 6.749543
336516	 6.750953
336682	 6.749775
336848	 6.754541
337014	 6.756038
337180	 6.746362
337346	 6.747406
337512	 6.746051
337678	 6.745711
337844	 6.756950
338010	 6.749172
338176	 6.756888
338342	 6.749670
338508	 6.751651
338674	 6.747318
338840	 6.746920
339006	 6.748255
339172	 6.752646
339338	 6.747795
339504	 6.750849
339670	 6.745503
339836	 6.747517
340002	 6.752789
340168	 6.752794
340334	 6.752739
340500	 6.748455
340666	 6.749427
340832	 6.750431
340998	 6.751916
341164	 6.747618
341330	 6.755813
341496	 6.756133
341662	 6.754132
341828	 6.753575
341994	 6.754783
342160	 6.754840
342326	 6.753348
342492	 6.755630
342658	 6.745573
342824	 6.753331
342990	 6.750192
343156	 6.754177
343322	 6.747019
343488	 6.748324
343654	 6.752423
343820	 6.748065
343986	 6.749785
344152	 6.746196
344318	 6.755852
344484	 6.757376
344650	 6.745549
344816	 6.752268
344982	 6.750677
345148	 6.754606
345314	 6.742945
345480	 6.750214
345646	 6.747862
345812	 6.751751
345978	 6.755817
346144	 6.755888
346310	 6.757367
346476	 6.752314
346642	 6.752342
346808	 6.746136
346974	 6.754085
347140	 6.748825
347306	 6.749104
347472	 6.752055
347638	 6.755843
347804	 6.746410
347970	 6.756002
348136	 6.756545
348302	 6.749930
348468	 6.755283
348634	 6.753887
348800	 6.752428
348966	 6.751210
349132	 6.754211
349298	 6.750117
349464	 6.750170
349630	 6.757842
349796	 6.751573
349962	 6.750293
350128	 6.757683
350294	 6.755057
350460	 6.749766
350626	 6.752389
350792	 6.746768
350958	 6.751350
351124	 6.751933
351290	 6.755847
351456	 6.749592
351622	 6.744809
351788	 6.754420
351954	 6.758248
352120	 6.756821
352286	 6.747860
352452	 6.749528
352618	 6.746611
352784	 6.751712
352950	 6.748695
353116	 6.744985
353282	 6.745755
353448	 6.754508
353614	 6.752587
353780	 6.753052
353946	 6.754716
354112	 6.754624
354278	 6.749630
354444	 6.752657
354610	 6.758199
354776	 6.757589
354942	 6.750925
355108	 6.759812
355274	 6.744494
355440	 6.756740
355606	 6.750673
355772	 6.752481
355938	 6.750198
356104	 6.750204
356270	 6.748877
356436	 6.743301
356602	 6.758235
356768	 6.753064
356934	 6.752390
357100	 6.753013
357266	 6.753346
357432	 6.747705
357598	 6.753272
357764	 6.751636
357930	 6.748369
358096	 6.754759
358262	 6.752642
358428	 6.753266
358594	 6.758688
358760	 6.746373
358926	 6.753068
359092	 6.750194
359258	 6.749424
359424	 6.750378
359590	 6.747984
359756	 6.751870
359922	 6.756412
360088	 6.752138
360254	 6.749258
360420	 6.749008
360586	 6.750392
360752	 6.757684
360918	 6.752146
361084	 6.755496
361250	 6.752087
361416	 6.748768
361582	 6.755050
361748	 6.746625
361914	 6.749084
362080	 6.751096
362246	 6.754415
362412	 6.759215
362578	 6.752819
362744	 6.752663
362910	 6.750345
363076	 6.745221
363242	 6.754239
363408	 6.745806
363574	 6.748502
363740	 6.750926
363906	 6.746917
364072	 6.755515
364238	 6.750311
364404	 6.752103
364570	 6.758623
364736	 6.747499
364902	 6.751926
365068	 6.753101
365234	 6.749039
365400	 6.752383
365566	 6.760027
365732	 6.753794
365898	 6.753571
366064	 6.747548
366230	 6.749795
366396	 6.756859
366562	 6.748060
366728	 6.749805
366894	 6.747299
367060	 6.753740
367226	 6.755858
367392	 6.757044
367558	 6.749219
367724	 6.749297
367890	 6.752707
368056	 6.753152
368222	 6.752066
368388	 6.754683
368554	 6.752358
368720	 6.750668
368886	 6.754664
369052	 6.754081
369218	 6.747123
369384	 6.747952
369550	 6.750555
369716	 6.750147
369882	 6.752916
370048	 6.759397
370214	 6.750055
370380	 6.753884
370546	 6.754442
370712	 6.748785
370878	 6.754466
371044	 6.747659
371210	 6.751545
371376	 6.746492
371542	 6.748265
371708	 6.754329
371874	 6.754936
372040	 6.754092
372206	 6.755427
372372	 6.754474
372538	 6.752318
372704	 6.750262
372870	 6.753377
373036	 6.752589
373202	 6.752525
373368	 6.753409
373534	 6.752107
373700	 6.751495
373866	 6.753660
374032	 6.750061
374198	 6.755899
374364	 6.746104
374530	 6.752023
374696	 6.751005
374862	 6.750437
375028	 6.743611
375194	 6.752482
375360	 6.751842
375526	 6.757312
375692	 6.752284
375858	 6.751117
376024	 6.748998
376190	 6.745216
376356	 6.758245
376522	 6.743085
376688	 6.755951
376854	 6.754015
377020	 6.755221
377186	 6.756826
377352	 6.750722
377518	 6.744262
377684	 6.752940
377850	 6.755165
378016	 6.753758
378182	 6.745441
378348	 6.748317
378514	 6.749823
378680	 6.755265
378846	 6.754833
379012	 6.751353
379178	 6.751704
379344	 6.747477
379510	 6.747831
379676	 6.757818
379842	 6.753709
380008	 6.743098
380174	 6.742822
380340	 6.744022
380506	 6.750558
380672	 6.745740
380838	 6.745709
381004	 6.761398
381170	 6.744785
381336	 6.760559
381502	 6.759177
381668	 6.756572
381834	 6.744842
382000	 6.750936
382166	 6.748636
382332	 6.755746
382498	 6.748030
382664	 6.751779
382830	 6.743048
382996	 6.743669
383162	 6.756440
383328	 6.754657
383494	 6.752197
383660	 6.757036
383826	 6.752028
383992	 6.745271
384158	 6.758966
384324	 6.755371
384490	 6.748640
384656	 6.751059
384822	 6.752032
384988	 6.753587
385154	 6.751623
385320	 6.749869
385486	 6.749793
385652	 6.748189
385818	 6.753318
385984	 6.750568
386150	 6.760183
386316	 6.754709
386482	 6.754581
386648	 6.756691
386814	 6.758586
386980	 6.751737
387146	 6.747624
387312	 6.752738
387478	 6.749782
387644	 6.748874
387810	 6.752064
387976	 6.748478
388142	 6.752845
388308	 6.750010
388474	 6.746197
388640	 6.754362
388806	 6.749635
388972	 6.748383
389138	 6.753115
389304	 6.751773
389470	 6.750062
389636	 6.756260
389802	 6.752563
389968	 6.755399
390134	 6.754015
390300	 6.749408
390466	 6.752309
390632	 6.754568
390798	 6.753452
390964	 6.751080
391130	 6.750301
391296	 6.747198
391462	 6.756128
391628	 6.759333
391794	 6.751148
391960	 6.748720
392126	 6.746810
392292	 6.754149
392458	 6.745724
392624	 6.753685
392790	 6.753211
392956	 6.750651
393122	 6.747954
393288	 6.751158
393454	 6.748683
393620	 6.751362
393786	 6.749165
393952	 6.745984
394118	 6.756977
394284	 6.755618
394450	 6.748542
394616	 6.758661
394782	 6.750349
394948	 6.750467
395114	 6.748728
395280	 6.755395
395446	 6.753055
395612	 6.754623
395778	 6.754880
395944	 6.751728
396110	 6.747004
396276	 6.746985
396442	 6.753279
396608	 6.746996
396774	 6.744050
396940	 6.747341
397106	 6.754526
397272	 6.755924
397438	 6.747543
397604	 6.750382
397770	 6.755063
397936	 6.749226
398102	 6.750520
398268	 6.754297
398434	 6.754942
398600	 6.748838
398766	 6.743958
398932	 6.751356
399098	 6.748036
399264	 6.748434
399430	 6.751222
399596	 6.744570
399762	 6.749431
399928	 6.751896
400094	 6.754929
400260	 6.751978
400426	 6.749580
400592	 6.751113
400758	 6.752945
400924	 6.755018
401090	 6.754073
401256	 6.750880
401422	 6.750378
401588	 6.752610
401754	 6.749740
401920	 6.752621
402086	 6.762154
402252	 6.754576
402418	 6.751666
402584	 6.746110
402750	 6.750218
402916	 6.753451
403082	 6.752033
403248	 6.752633
403414	 6.749595
403580	 6.759781
403746	 6.752273
403912	 6.753866
404078	 6.755141
404244	 6.754660
404410	 6.748942
404576	 6.751667
404742	 6.749024
404908	 6.752439
405074	 6.746882
405240	 6.753940
405406	 6.759297
405572	 6.754614
405738	 6.757866
405904	 6.751299
406070	 6.753796
406236	 6.753406
406402	 6.748441
406568	 6.755119
406734	 6.750875
406900	 6.749877
407066	 6.748870
407232	 6.749226
407398	 6.755561
407564	 6.755555
407730	 6.753822
407896	 6.745893
408062	 6.755378
408228	 6.752006
408394	 6.751852
408560	 6.756915
408726	 6.751730
408892	 6.754860
409058	 6.748949
409224	 6.752819
409390	 6.749633
409556	 6.748332
409722	 6.752196
409888	 6.751666
410054	 6.756893
410220	 6.751861
410386	 6.754039
410552	 6.751389
410718	 6.747603
410884	 6.754052
411050	 6.753276
411216	 6.749423
411382	 6.749287
411548	 6.753099
411714	 6.749347
411880	 6.752454
412046	 6.758387
412212	 6.754703
412378	 6.749291
412544	 6.748168
412710	 6.747863
412876	 6.746891
413042	 6.755136
413208	 6.754494
413374	 6.743390
413540	 6.747146
413706	 6.759663
413872	 6.753168
414038	 6.749093
414204	 6.754591
414370	 6.752648
414536	 6.749379
414702	 6.750304
414868	 6.755812
415034	 6.749674
415200	 6.748341
415366	 6.745779
415532	 6.749193
415698	 6.754247
415864	 6.754300
416030	 6.749703
416196	 6.748929
416362	 6.748808
416528	 6.748664
416694	 6.749769
416860	 6.750925
417026	 6.746974
417192	 6.745130
417358	 6.752774
417524	 6.753034
417690	 6.752620
417856	 6.749221
418022	 6.747262
418188	 6.753035
418354	 6.749667
418520	 6.757102
418686	 6.754365
418852	 6.752584
419018	 6.755402
419184	 6.755933
419350	 6.753983
419516	 6.745368
419682	 6.753850
419848	 6.750708
420014	 6.749646
420180	 6.750946
420346	 6.751534
420512	 6.746342
420678	 6.748928
420844	 6.748900
421010	 6.758635
421176	 6.748111
421342	 6.752333
421508	 6.753079
421674	 6.745362
421840	 6.750819
422006	 6.747689
422172	 6.754694
422338	 6.755994
422504	 6.752481
422670	 6.755746
422836	 6.752950
423002	 6.749117
423168	 6.749638
423334	 6.749442
423500	 6.751350
423666	 6.755142
423832	 6.747806
423998	 6.758787
424164	 6.749554
424330	 6.756051
424496	 6.753991
424662	 6.750853
424828	 6.754207
424994	 6.749426
425160	 6.752162
425326	 6.755181
425492	 6.751086
425658	 6.754708
425824	 6.754985
425990	 6.750482
426156	 6.748111
426322	 6.750707
426488	 6.753103
426654	 6.751942
426820	 6.749111
426986	 6.749025
427152	 6.757786
427318	 6.757685
427484	 6.747104
427650	 6.749229
427816	 6.750464
427982	 6.749889
428148	 6.742769
428314	 6.749653
428480	 6.751508
428646	 6.757348
428812	 6.752589
428978	 6.752307
429144	 6.750075
429310	 6.756832
429476	 6.759763
429642	 6.750458
429808	 6.757278
429974	 6.748940
430140	 6.750979
430306	 6.753930
430472	 6.751934
430638	 6.748809
430804	 6.748287
430970	 6.751866
431136	 6.753296
431302	 6.752039
431468	 6.754150
431634	 6.747428
431800	 6.751496
431966	 6.754110
432132	 6.751601
432298	 6.752219
432464	 6.753824
432630	 6.754312
432796	 6.749708
432962	 6.753767
433128	 6.748109
433294	 6.751771
433460	 6.746895
433626	 6.751703
433792	 6.756016
433958	 6.751139
434124	 6.749790
434290	 6.748995
434456	 6.757884
434622	 6.750174
434788	 6.753911
434954	 6.750659
435120	 6.753236
435286	 6.749125
435452	 6.748337
435618	 6.751330
435784	 6.758262
435950	 6.755616
436116	 6.751921
436282	 6.750418
436448	 6.747131
436614	 6.749941
436780	 6.747653
436946	 6.750998
437112	 6.749836
437278	 6.752055
437444	 6.750016
437610	 6.759702
437776	 6.747884
437942	 6.752171
438108	 6.749637
438274	 6.755160
438440	 6.756745
438606	 6.754643
438772	 6.747493
438938	 6.753154
439104	 6.752359
439270	 6.751543
439436	 6.749458
439602	 6.748124
439768	 6.753332
439934	 6.756490
440100	 6.753073
440266	 6.748808
440432	 6.754369
440598	 6.751822
440764	 6.752842
440930	 6.752414
441096	 6.751196
441262	 6.755086
441428	 6.748121
441594	 6.748227
441760	 6.752208
441926	 6.749561
442092	 6.752863
442258	 6.758014
442424	 6.751200
442590	 6.754505
442756	 6.750551
442922	 6.752612
443088	 6.748062
443254	 6.748982
443420	 6.748091
443586	 6.754532
443752	 6.753774
443918	 6.754121
444084	 6.756338
444250	 6.753930
444416	 6.748486
444582	 6.754023
444748	 6.754652
444914	 6.747625
445080	 6.757123
445246	 6.750834
445412	 6.753157
445578	 6.749708
445744	 6.754612
445910	 6.751244
446076	 6.748275
446242	 6.750615
446408	 6.744297
446574	 6.753073
446740	 6.753458
446906	 6.755131
447072	 6.751159
447238	 6.747221
447404	 6.748229
447570	 6.754228
447736	 6.751495
447902	 6.752754
448068	 6.756214
448234	 6.757323
448400	 6.746062
448566	 6.746915
448732	 6.757728
448898	 6.752091
449064	 6.748085
449230	 6.747335
449396	 6.754374
449562	 6.752516
449728	 6.752790
449894	 6.751171
450060	 6.746812
450226	 6.752982
450392	 6.756917
450558	 6.743220
450724	 6.743084
450890	 6.746219
451056	 6.747101
451222	 6.748125
451388	 6.755972
451554	 6.747472
451720	 6.758654
451886	 6.758411
452052	 6.751400
452218	 6.750946
452384	 6.746899
452550	 6.755531
452716	 6.750731
452882	 6.745395
453048	 6.745098
453214	 6.753498
453380	 6.753800
453546	 6.751608
453712	 6.758265
453878	 6.748421
454044	 6.750875
454210	 6.758599
454376	 6.749770
454542	 6.750206
454708	 6.750794
454874	 6.754261
455040	 6.749640
455206	 6.750945
455372	 6.750390
455538	 6.749909
455704	 6.755459
455870	 6.755569
456036	 6.755941
456202	 6.756674
456368	 6.757771
456534	 6.748738
456700	 6.752862
456866	 6.747291
457032	 6.750460
457198	 6.749695
457364	 6.752760
457530	 6.746328
457696	 6.749761
457862	 6.754886
458028	 6.748818
458194	 6.750106
458360	 6.756073
458526	 6.749403
458692	 6.753106
458858	 6.752154
459024	 6.756450
459190	 6.751052
459356	 6.748004
459522	 6.757262
459688	 6.753035
459854	 6.752003
460020	 6.749709
460186	 6.752734
460352	 6.754972
460518	 6.753741
460684	 6.749332
460850	 6.745290
461016	 6.753293
461182	 6.752447
461348	 6.752057
461514	 6.751641
461680	 6.747304
461846	 6.750272
462012	 6.746085
462178	 6.753122
462344	 6.749404
462510	 6.752661
462676	 6.755799
462842	 6.751908
463008	 6.754996
463174	 6.750646
463340	 6.748606
463506	 6.753381
463672	 6.754549
463838	 6.752785
464004	 6.755454
464170	 6.747598
464336	 6.746870
464502	 6.754185
464668	 6.746776
464834	 6.744511
465000	 6.751078
465166	 6.754247
465332	 6.749773
465498	 6.750485
465664	 6.755699
465830	 6.746406
465996	 6.756213
466162	 6.753057
466328	 6.749893
466494	 6.744531
466660	 6.750871
466826	 6.747375
466992	 6.750154
467158	 6.747692
467324	 6.746243
467490	 6.753129
467656	 6.753554
467822	 6.750277
467988	 6.751349
468154	 6.752259
468320	 6.755162
468486	 6.754747
468652	 6.749707
468818	 6.751952
468984	 6.750741
469150	 6.750654
469316	 6.761541
469482	 6.754412
469648	 6.749197
469814	 6.749536
469980	 6.750019
470146	 6.756613
470312	 6.749263
470478	 6.750669
470644	 6.758504
470810	 6.755025
470976	 6.752828
471142	 6.752406
471308	 6.752714
471474	 6.750784
471640	 6.746644
471806	 6.754872
471972	 6.746749
472138	 6.759026
472304	 6.754684
472470	 6.758847
472636	 6.753231
472802	 6.751764
472968	 6.753463
473134	 6.749428
473300	 6.752920
473466	 6.749762
473632	 6.746835
473798	 6.754028
473964	 6.755691
474130	 6.753039
474296	 6.749509
474462	 6.751036
474628	 6.753092
474794	 6.753759
474960	 6.757027
475126	 6.751794
475292	 6.750264
475458	 6.752474
475624	 6.750904
475790	 6.749713
475956	 6.748844
476122	 6.755568
476288	 6.753431
476454	 6.754771
476620	 6.750649
476786	 6.748499
476952	 6.753733
477118	 6.750806
477284	 6.751580
477450	 6.751954
477616	 6.749054
477782	 6.752520
477948	 6.759975
478114	 6.752225
478280	 6.747362
478446	 6.746719
478612	 6.748102
478778	 6.756015
478944	 6.749659
479110	 6.746278
479276	 6.754656
479442	 6.753574
479608	 6.749484
479774	 6.754548
479940	 6.751460
480106	 6.750763
480272	 6.752451
480438	 6.752889
480604	 6.749456
480770	 6.744917
480936	 6.749684
481102	 6.751922
481268	 6.755244
481434	 6.749832
481600	 6.749238
481766	 6.747368
481932	 6.750458
482098	 6.748374
482264	 6.747340
482430	 6.750715
482596	 6.751470
482762	 6.753325
482928	 6.747473
483094	 6.750125
483260	 6.749967
483426	 6.752053
483592	 6.757254
483758	 6.752481
483924	 6.756161
484090	 6.755197
484256	 6.752499
484422	 6.746937
484588	 6.753749
484754	 6.751683
484920	 6.750083
485086	 6.748144
485252	 6.749694
485418	 6.749378
485584	 6.751328
485750	 6.752794
485916	 6.751631
486082	 6.752980
486248	 6.745086
486414	 6.750810
486580	 6.749525
486746	 6.755845
486912	 6.751499
487078	 6.758244
487244	 6.750498
487410	 6.750687
487576	 6.749017
487742	 6.751248
487908	 6.753738
488074	 6.748936
488240	 6.757959
488406	 6.751477
488572	 6.754259
488738	 6.752693
488904	 6.750586
489070	 6.750785
489236	 6.753025
489402	 6.755198
489568	 6.750000
489734	 6.759597
489900	 6.752275
490066	 6.750128
490232	 6.746761
490398	 6.754051
490564	 6.753311
490730	 6.746158
490896	 6.754148
491062	 6.756576
491228	 6.751462
491394	 6.748192
491560	 6.750203
491726	 6.749394
491892	 6.740682
492058	 6.755954
492224	 6.753785
492390	 6.753710
492556	 6.752571
492722	 6.749954
492888	 6.757836
493054	 6.755022
493220	 6.754157
493386	 6.749607
493552	 6.753026
493718	 6.755049
493884	 6.751732
494050	 6.747445
494216	 6.746380
494382	 6.754622
494548	 6.752518
494714	 6.753789
494880	 6.749098
495046	 6.753378
495212	 6.750135
495378	 6.753514
495544	 6.752572
495710	 6.754554
495876	 6.753823
496042	 6.750430
496208	 6.750713
496374	 6.748073
496540	 6.752107
496706	 6.751390
496872	 6.753189
497038	 6.750811
497204	 6.748074
497370	 6.755322
497536	 6.754550
497702	 6.752777
497868	 6.751574
498034	 6.749926
