-823692, 7116
-1327948, 11308
-1554812, 15784
-1670748, 19386
-1740444, 22536
-1786724, 24650
-1821596, 28434
-1849444, 31340
-1870636, 34546
-1888992, 37776
-1904112, 38262
-1916880, 42276
-1928692, 45840
-1937648, 48276
-1945640, 50238
-1953028, 51564
-1960444, 52590
-1966192, 54582
-1971712, 58528
-1976456, 61520
-1980388, 63956
-1984052, 66690
-1987416, 68660
-1990476, 71892
-1993544, 75234
-1996172, 77620
-1999156, 79510
-2002040, 82182
-2004708, 85886
-2007384, 88616
-2010328, 90886
-2012960, 94960
-2015272, 98370
-2017592, 102886
-2019296, 107126
-2021252, 111178
-2023016, 115936
-2024440, 119888
-2026148, 123746
-2027676, 127430
-2028976, 130296
-2029788, 133970
-2031048, 138724
-2032036, 143926
-2033284, 147378
-2034228, 151448
-2035976, 156870
-2036436, 159992
-2037072, 162466
-2038684, 165712
-2039376, 170614
-2040044, 173558
-2041244, 177002
-2042068, 179144
-2043240, 183120
-2043972, 186222
-2044912, 188462
-2045624, 191066
-2046616, 192558
-2047060, 195312
-2047756, 197306
-2047952, 199576
-2048908, 203918
-2049168, 207870
-2050504, 211098
-2050968, 216122
-2051408, 220432
-2052236, 225392
-2052784, 228792
-2053168, 230910
-2053528, 233014
-2054232, 236868
-2054628, 241510
-2055132, 244680
-2056160, 249044
-2056544, 253558
-2056796, 258102
-2057196, 262640
-2058296, 267738
-2058344, 272018
-2058892, 277078
-2059228, 280238
-2059544, 284418
-2060152, 288856
-2060584, 292258
-2061048, 296496
-2061456, 300786
-2061908, 304632
-2062344, 308278
-2062452, 312360
-2062956, 316642
-2063500, 320592
-2063572, 324066
-2063776, 327556
-2064160, 331914
-2064492, 335358
-2064784, 338784
-2065184, 343258
-2065344, 346896
-2065780, 351072
-2066116, 354070
-2066012, 357716
-2066256, 361660
-2066744, 365828
-2066872, 370590
-2067468, 375230
-2067648, 379998
-2067484, 384152
-2068176, 388468
-2068384, 393890
-2068444, 396802
-2068644, 400914
-2068904, 404754
-2069224, 407840
-2069376, 410392
-2069612, 413808
-2069768, 417408
-2070308, 420746
-2070116, 424764
-2070444, 428530
-2070608, 432698
-2070792, 436846
-2070932, 440412
-2071312, 443052
-2071356, 446466
-2071588, 449324
-2072056, 452166
-2071908, 455346
-2072152, 460184
-2072308, 463752
-2072316, 467224
-2072672, 470336
-2072460, 474088
-2073064, 477612
-2072976, 481642
-2072928, 486160
-2073676, 490082
-2073832, 494640
-2074104, 499216
-2074040, 502956
-2074460, 506906
-2074396, 510840
-2074820, 514536
-2074944, 518824
-2075068, 522352
-2074972, 526030
-2075552, 529666
-2075392, 533358
-2075520, 537192
-2075460, 541286
-2076072, 545406
-2076256, 549076
-2076228, 553460
-2076596, 556752
-2076432, 560846
-2076448, 564272
-2076984, 568220
-2077132, 572766
-2077228, 575826
-2077480, 579794
-2077696, 583776
-2077864, 586808
-2078380, 590468
-2078268, 593414
-2078164, 596398
-2078416, 600010
-2078436, 602942
-2078632, 606200
-2078688, 609450
-2078600, 611708
-2078912, 613826
-2078924, 617030
-2079088, 619672
-2079072, 622638
-2079556, 624810
-2079376, 627258
-2079496, 629834
-2079908, 632738
-2079820, 635336
-2079764, 639072
-2079804, 641528
-2080168, 643992
-2080480, 645418
-2080576, 647700
-2080728, 650954
-2080672, 654670
-2080848, 658166
-2081404, 661358
-2081268, 664132
-2081452, 667552
-2081412, 670502
-2081504, 672668
-2081908, 676166
-2081920, 678622
-2082064, 680544
-2082208, 682562
-2082148, 684786
-2082148, 686194
-2082492, 688130
-2082668, 689430
-2082668, 691434
-2082876, 693656
-2083000, 695486
-2082620, 696990
-2083148, 699010
-2083028, 700202
-2082800, 701604
-2083132, 703392
-2083232, 704866
-2083336, 706442
-2083480, 708308
-2083636, 710172
-2083800, 711354
-2083448, 712804
-2083972, 713868
-2083908, 714642
-2083944, 715470
-2084104, 716252
-2083820, 717896
-2084180, 719340
-2084252, 720708
-2083828, 722198
-2084344, 723374
-2084172, 724756
-2084308, 726246
-2084752, 727596
-2084456, 728952
-2084632, 730358
-2084560, 731402
-2084580, 733008
-2084580, 734616
-2084648, 736042
-2084532, 737860
-2084760, 739200
-2085008, 740948
-2085084, 742168
-2085076, 743530
-2084940, 744954
-2085196, 746450
-2085168, 747586
-2085004, 749664
-2084876, 750958
-2085048, 752284
-2085216, 753744
-2085428, 755660
-2085400, 757300
-2085652, 759770
-2085516, 761412
-2085428, 763198
-2085736, 765144
-2085648, 767316
-2085368, 768416
-2085836, 770304
-2085972, 772052
-2085700, 773878
-2085480, 775546
-2085796, 777496
-2085836, 780388
-2085860, 782106
-2086148, 783852
-2086028, 786372
-2086284, 789246
-2086268, 791130
-2086456, 793640
-2086484, 795708
-2086500, 797722
-2086652, 800034
-2086708, 802216
-2086220, 804328
-2086612, 806412
-2086728, 807848
-2086700, 810346
-2086708, 812470
-2086888, 814466
-2086804, 816064
-2086720, 817892
-2086732, 819824
-2087072, 821906
-2086820, 823432
-2087092, 825282
-2087292, 827578
-2087460, 829520
-2087192, 831946
-2087264, 833952
-2087380, 835974
-2087308, 837868
-2087284, 839356
-2087636, 840740
-2087620, 842340
-2087508, 844628
-2087688, 846244
-2087968, 848086
-2087760, 850198
-2087752, 852134
-2087464, 854700
-2087828, 856292
-2087724, 858206
-2087924, 860014
-2087760, 861920
-2087728, 863804
-2088328, 866128
-2087756, 867748
-2087880, 869990
-2087788, 871654
-2088076, 873940
-2087980, 875524
-2088128, 877376
-2088072, 879238
-2088360, 881532
-2088380, 883254
-2087976, 884610
-2088560, 886804
-2088484, 888044
-2088700, 889128
-2088460, 890398
-2088248, 892196
-2088484, 894032
-2088700, 895124
-2088876, 897138
-2088924, 898884
-2088368, 900402
-2088440, 901996
-2088660, 903726
-2088960, 905296
-2088768, 907194
-2088940, 908802
-2088708, 910848
-2088900, 912562
-2088944, 914554
-2089104, 917072
-2089004, 918576
-2088860, 920244
-2088868, 922562
-2089308, 924150
-2089268, 926172
-2089276, 927824
-2089044, 930204
-2089156, 932514
-2089180, 934462
-2089356, 936824
-2089400, 939012
-2089360, 940534
-2089172, 942060
-2089592, 944206
-2089492, 946014
-2089312, 947900
-2089608, 949972
-2089828, 952314
-2089864, 954016
-2089576, 955600
-2089700, 957746
-2089744, 959798
-2089888, 962382
-2089924, 964180
-2089604, 965536
-2089976, 967424
-2090244, 969088
-2090160, 970664
-2090296, 972400
-2090160, 974554
-2090540, 975870
-2090480, 976942
-2090764, 979308
-2090796, 980858
-2090836, 982234
-2090812, 983852
-2091012, 985372
-2090868, 986790
-2091044, 988120
-2090692, 989646
-2090964, 991238
-2090944, 992804
-2090676, 994896
-2090988, 996690
-2091004, 998560
-2090996, 999598
-2091300, 1000932
-2091304, 1001928
-2091120, 1004108
-2091208, 1005324
-2091116, 1006070
-2090884, 1007104
-2091156, 1008930
-2091280, 1009810
-2091356, 1011030
-2091320, 1011776
-2091136, 1012872
-2091632, 1013978
-2091732, 1015096
-2091392, 1016132
-2091232, 1017410
-2091648, 1018130
-2091496, 1019884
-2091460, 1021398
-2091628, 1022104
-2091336, 1023068
-2092056, 1024524
-2091584, 1025574
-2091452, 1026416
-2091652, 1027480
-2092144, 1028568
-2091744, 1029204
-2091732, 1030124
-2092112, 1030862
-2091836, 1031734
-2091700, 1032210
-2091956, 1032968
-2091904, 1033692
-2091828, 1033996
-2092156, 1034672
-2092004, 1035390
-2092128, 1035922
-2092056, 1036468
-2091936, 1037092
-2092056, 1037792
-2092304, 1038642
-2092160, 1038972
-2091920, 1039424
-2092144, 1040050
-2092036, 1040508
-2092108, 1040846
-2092328, 1041118
-2092236, 1041570
-2092428, 1042278
-2092584, 1042746
-2092636, 1043232
-2092532, 1043710
-2092536, 1044144
-2092684, 1044528
-2092844, 1045024
-2092668, 1045498
-2092596, 1045926
-2092940, 1046212
-2092472, 1046148
-2092780, 1046272
-2092744, 1046304
-2092720, 1046302
-2092760, 1046300
-2092968, 1046364
-2092660, 1046278
-2092696, 1046294
-2092652, 1046280
-2092816, 1046324
-2092796, 1046318
-2092860, 1046324
-2092704, 1046288
-2092984, 1046366
-2093116, 1046402
-2092752, 1046306
-2092700, 1046302
-2092600, 1046270
-2092892, 1046336
-2092964, 1046356
-2092784, 1046316
-2092868, 1046338
-2092872, 1046340
-2093060, 1046380
-2092780, 1046308
-2092788, 1046316
-2092908, 1046344
-2093032, 1046376
-2092888, 1046338
-2093028, 1046370
-2092688, 1046292
-2093104, 1046396
-2092396, 1046222
-2092944, 1046356
-2093096, 1046394
-2092848, 1046332
-2092892, 1046344
-2092840, 1046334
-2092784, 1046316
-2092580, 1046260
-2092560, 1046250
-2092644, 1046276
-2092900, 1046342
-2092872, 1046334
-2093004, 1046368
-2092884, 1046342
-2092792, 1046312
-2092860, 1046330
-2092552, 1046252
-2092928, 1046350
-2092908, 1046344
-2092900, 1046344
-2092868, 1046334
-2092880, 1046342
-2092884, 1046332
-2092840, 1046320
-2092692, 1046288
-2092712, 1046298
-2092864, 1046332
-2092752, 1046304
-2092992, 1046364
-2092892, 1046336
-2093060, 1046382
-2092932, 1046354
-2093036, 1046378
-2092764, 1046304
-2092648, 1046274
-2092984, 1046360
-2092896, 1046338
-2092808, 1046322
-2093032, 1046380
-2092792, 1046310
-2093208, 1046422
-2092420, 1046220
-2092684, 1046284
-2093052, 1046384
-2092728, 1046300
-2092604, 1046264
-2092928, 1046344
-2093084, 1046392
-2092564, 1046260
-2092664, 1046280
-2093144, 1046408
-2092728, 1046300
-2092856, 1046326
-2092736, 1046304
-2092548, 1046250
-2092712, 1046288
-2092724, 1046290
-2092868, 1046338
-2092816, 1046316
-2092580, 1046258
-2092756, 1046310
-2092464, 1046234
-2092868, 1046336
-2092580, 1046266
-2093048, 1046384
-2093020, 1046376
-2092708, 1046296
-2092736, 1046300
-2092888, 1046350
-2092784, 1046314
-2093088, 1046394
-2092956, 1046356
-2092880, 1046332
-2092976, 1046362
-2092344, 1046192
-2092884, 1046334
-2092900, 1046338
-2092880, 1046340
-2092984, 1046358
-2092540, 1046248
-2093004, 1046366
-2092892, 1046342
-2092976, 1046362
-2093148, 1046408
-2092728, 1046300
-2092900, 1046342
-2093072, 1046382
-2092728, 1046302
-2092780, 1046302
-2093004, 1046370
-2092824, 1046332
-2092788, 1046314
-2093052, 1046382
-2093176, 1046418
-2092988, 1046370
-2092932, 1046350
-2092760, 1046306
-2092720, 1046294
-2092732, 1046304
-2092880, 1046338
-2092784, 1046316
-2093060, 1046384
-2092836, 1046332
-2092664, 1046288
-2092888, 1046344
-2092940, 1046356
-2093132, 1046402
-2092832, 1046326
-2092864, 1046332
-2092524, 1046240
-2093136, 1046400
-2093188, 1046422
-2092884, 1046342
-2092740, 1046304
-2092740, 1046304
-2092652, 1046284
-2092824, 1046310
-2092908, 1046348
-2092716, 1046296
-2092696, 1046286
-2092476, 1046236
-2092844, 1046324
-2092724, 1046296
-2092708, 1046292
-2092932, 1046348
-2092836, 1046328
-2092696, 1046292
-2093000, 1046372
-2093164, 1046414
-2092976, 1046366
-2092840, 1046332
-2092948, 1046360
-2092648, 1046280
-2092896, 1046340
-2092968, 1046362
-2092916, 1046342
-2093072, 1046392
-2093160, 1046414
-2092636, 1046278
-2092892, 1046344
-2092860, 1046334
-2092984, 1046366
-2092936, 1046356
-2092900, 1046342
-2092864, 1046334
-2092644, 1046282
-2092576, 1046248
-2092768, 1046308
-2093040, 1046384
-2092776, 1046308
-2092808, 1046318
-2092912, 1046342
-2092780, 1046310
-2092828, 1046324
-2092592, 1046262
-2092788, 1046318
-2092660, 1046280
-2092772, 1046312
-2092720, 1046294
-2092808, 1046316
-2092756, 1046308
-2092864, 1046330
-2092964, 1046362
-2092780, 1046306
-2092956, 1046358
-2092768, 1046314
-2092772, 1046306
-2092952, 1046352
-2093256, 1046440
-2092844, 1046328
-2092724, 1046294
-2092836, 1046332
-2092748, 1046296
-2092900, 1046346
-2092808, 1046326
-2092756, 1046310
-2093172, 1046414
-2092700, 1046300
-2092840, 1046328
-2093148, 1046412
-2092840, 1046330
-2092716, 1046300
-2092812, 1046320
-2092848, 1046330
-2092816, 1046322
-2093060, 1046376
-2092916, 1046346
-2092896, 1046340
-2092872, 1046338
-2092708, 1046294
-2092616, 1046272
-2092828, 1046326
-2092948, 1046354
-2092888, 1046340
-2092828, 1046324
-2092804, 1046308
-2092952, 1046356
-2092848, 1046330
-2092800, 1046318
-2092924, 1046340
-2092868, 1046332
-2092852, 1046330
-2092864, 1046334
-2092536, 1046250
-2092892, 1046346
-2092920, 1046352
-2092540, 1046254
-2092768, 1046298
-2092908, 1046344
-2092812, 1046322
-2092900, 1046348
-2092780, 1046314
-2092896, 1046330
-2092888, 1046344
-2092780, 1046314
-2092844, 1046332
-2092932, 1046354
-2092760, 1046310
-2092976, 1046364
-2092824, 1046316
-2092928, 1046344
-2092724, 1046292
-2092636, 1046274
-2092900, 1046344
-2093080, 1046388
-2092924, 1046348
-2092712, 1046294
-2092948, 1046348
-2092672, 1046284
-2092768, 1046298
-2092848, 1046328
-2092972, 1046364
-2093148, 1046400
-2092880, 1046332
-2092764, 1046302
-2092684, 1046290
-2092472, 1046240
-2092732, 1046304
-2092648, 1046274
-2092724, 1046302
-2092812, 1046322
-2092956, 1046362
-2093040, 1046378
-2092904, 1046346
-2092960, 1046360
-2092840, 1046326
-2092784, 1046310
-2092676, 1046286
-2093120, 1046398
-2093116, 1046400
-2093032, 1046374
-2092968, 1046364
-2092660, 1046284
-2092876, 1046340
-2092936, 1046346
-2092796, 1046316
-2092952, 1046356
-2092652, 1046282
-2092828, 1046326
-2092892, 1046334
-2092888, 1046340
-2092776, 1046314
-2092992, 1046364
-2092736, 1046294
-2093104, 1046388
-2092848, 1046328
-2092984, 1046368
-2092972, 1046354
-2092616, 1046262
-2093052, 1046380
-2093000, 1046368
-2092800, 1046318
-2092928, 1046358
-2093036, 1046376
-2092668, 1046272
-2092792, 1046310
-2092876, 1046340
-2093056, 1046378
-2092908, 1046350
-2092764, 1046308
-2092800, 1046314
-2093104, 1046398
-2093056, 1046384
-2092940, 1046346
-2092632, 1046276
-2092648, 1046274
-2092736, 1046302
-2092964, 1046356
-2092736, 1046304
-2092880, 1046340
-2093000, 1046372
-2092880, 1046334
-2092820, 1046322
-2092972, 1046362
-2092868, 1046334
-2092816, 1046318
-2092680, 1046288
-2092928, 1046352
-2092836, 1046332
-2092912, 1046350
-2092764, 1046308
-2092804, 1046320
-2092776, 1046298
-2092924, 1046352
-2092808, 1046324
-2092728, 1046302
-2093020, 1046374
-2092928, 1046346
-2092956, 1046358
-2092848, 1046322
-2092564, 1046254
-2093296, 1046448
-2092764, 1046306
-2092904, 1046344
-2092916, 1046344
-2092848, 1046326
-2092752, 1046302
-2093088, 1046394
-2092696, 1046296
-2093044, 1046382
-2093008, 1046368
-2092936, 1046358
-2093056, 1046384
-2093204, 1046420
-2092664, 1046282
-2092816, 1046318
-2092748, 1046300
-2092956, 1046356
-2093124, 1046402
-2092788, 1046316
-2092964, 1046368
-2092980, 1046362
-2092644, 1046270
-2092704, 1046282
-2092784, 1046312
-2092920, 1046350
-2092696, 1046290
-2092844, 1046330
-2092604, 1046270
-2092784, 1046308
-2092656, 1046286
-2092968, 1046360
-2092696, 1046282
-2092736, 1046302
-2092664, 1046276
-2093064, 1046380
-2093060, 1046374
-2093024, 1046368
-2092528, 1046250
-2092812, 1046316
-2092844, 1046332
-2092928, 1046350
-2092896, 1046338
-2092724, 1046294
-2092724, 1046296
-2092928, 1046346
-2092932, 1046354
-2092860, 1046334
-2092872, 1046336
-2092980, 1046362
-2093012, 1046368
-2092824, 1046324
-2092804, 1046320
-2092924, 1046354
-2092588, 1046262
-2092848, 1046332
-2092872, 1046336
-2093124, 1046396
-2092624, 1046278
-2092956, 1046358
-2093092, 1046390
-2092860, 1046328
-2092832, 1046328
-2092784, 1046314
-2092960, 1046364
-2092952, 1046360
-2092856, 1046332
-2092984, 1046368
-2092944, 1046348
-2092860, 1046330
-2092580, 1046252
-2092876, 1046334
-2092808, 1046320
-2092852, 1046334
-2092804, 1046318
-2092992, 1046362
-2092640, 1046276
-2092596, 1046266
-2092448, 1046226
-2093024, 1046380
-2092668, 1046282
-2093112, 1046396
-2092488, 1046238
-2092868, 1046338
-2092824, 1046320
-2092904, 1046344
-2092848, 1046320
-2093048, 1046376
-2092704, 1046288
-2092772, 1046312
-2092772, 1046308
-2092856, 1046330
-2092652, 1046280
-2092880, 1046338
-2092992, 1046362
-2093120, 1046396
-2093220, 1046424
-2093048, 1046382
-2093156, 1046398
-2092716, 1046294
-2092900, 1046338
-2092684, 1046290
-2092936, 1046348
-2092600, 1046270
-2092700, 1046294
-2092884, 1046332
-2092796, 1046306
-2092876, 1046338
-2092704, 1046298
-2092720, 1046290
-2092880, 1046342
-2092628, 1046272
-2093048, 1046376
-2092808, 1046314
-2092824, 1046324
-2092952, 1046362
-2092720, 1046290
-2093064, 1046386
-2092976, 1046364
-2092904, 1046342
-2092852, 1046336
-2092604, 1046266
-2092920, 1046348
-2092708, 1046296
-2093028, 1046374
-2093056, 1046380
-2092924, 1046354
-2092664, 1046286
-2092836, 1046324
-2093012, 1046370
-2092480, 1046232
-2093044, 1046378
-2092960, 1046358
-2092912, 1046344
-2092884, 1046334
-2092996, 1046366
-2092664, 1046276
-2092916, 1046340
-2092848, 1046334
-2092824, 1046326
-2092780, 1046312
-2092940, 1046350
-2092988, 1046360
-2092960, 1046356
-2093028, 1046380
-2092668, 1046284
-2092964, 1046356
-2092776, 1046314
-2092900, 1046336
-2092756, 1046308
-2092644, 1046280
-2092768, 1046314
-2092752, 1046306
-2092808, 1046312
-2092872, 1046330
-2093036, 1046376
-2092840, 1046330
-2093036, 1046380
-2093004, 1046370
-2093112, 1046398
-2092988, 1046366
-2092676, 1046284
-2092732, 1046304
-2092864, 1046332
-2092932, 1046358
-2092676, 1046284
-2092848, 1046332
-2093008, 1046368
-2092788, 1046308
-2092996, 1046360
-2092668, 1046276
-2092876, 1046336
-2092636, 1046270
-2092780, 1046302
-2092632, 1046276
-2092748, 1046310
-2092928, 1046348
-2092700, 1046292
-2093060, 1046388
-2093016, 1046372
-2092856, 1046330
-2092744, 1046302
-2092748, 1046302
-2092656, 1046276
-2092928, 1046348
-2092924, 1046346
-2092756, 1046306
-2092844, 1046334
-2092612, 1046270
-2093072, 1046392
-2092792, 1046304
-2092784, 1046308
-2092648, 1046282
-2092776, 1046300
-2092692, 1046292
-2092700, 1046292
-2092596, 1046262
-2092804, 1046316
-2092712, 1046292
-2093176, 1046414
-2092964, 1046366
-2093188, 1046412
-2092608, 1046268
-2092792, 1046314
-2092808, 1046316
-2092948, 1046352
-2092900, 1046342
-2092960, 1046366
-2093112, 1046396
-2092888, 1046346
-2092800, 1046324
-2092600, 1046272
-2092484, 1046232
-2092396, 1046214
-2092940, 1046356
-2092764, 1046308
-2092668, 1046280
-2092704, 1046288
-2093084, 1046390
-2093016, 1046376
-2092976, 1046360
-2092856, 1046328
-2093160, 1046414
-2092904, 1046340
-2092844, 1046330
