-860964, 4378
-1377604, 6352
-1597460, 9834
-1706924, 11784
-1771832, 12034
-1815788, 14616
-1848952, 16996
-1875392, 17098
-1897760, 19488
-1914200, 22262
-1928480, 23622
-1940484, 29550
-1952060, 30946
-1960716, 34920
-1968596, 37372
-1975644, 39920
-1981416, 40606
-1987756, 45748
-1992288, 46322
-1997356, 43890
-2001524, 40980
-2005360, 39096
-2008664, 38206
-2012124, 37824
-2014968, 36610
-2018872, 36960
-2021736, 38014
-2024996, 34868
-2027596, 34256
-2029920, 33166
-2032216, 29486
-2034604, 24094
-2036052, 22718
-2038248, 19996
-2040136, 16686
-2042080, 10424
-2043580, 6390
-2045104, 2954
-2045740, 2060
-2047336, 2452
-2048464, -1236
-2049728, -6458
-2051028, -8714
-2051788, -10802
-2052696, -15064
-2054104, -17780
-2054956, -24250
-2056160, -24574
-2057064, -22914
-2057880, -24228
-2058484, -26106
-2059268, -29188
-2060236, -30794
-2060848, -30098
-2062192, -33120
-2062712, -36132
-2063076, -38470
-2063508, -41708
-2064284, -43960
-2064720, -47454
-2065636, -51966
-2066048, -53846
-2066328, -54712
-2066560, -55930
-2066792, -57658
-2067088, -59540
-2067252, -60944
-2067600, -65440
-2068068, -69600
-2068692, -71228
-2069084, -74750
-2069396, -81632
-2069792, -84084
-2070240, -88584
-2070660, -91596
-2071116, -93654
-2071472, -97036
-2071800, -97548
-2071968, -100136
-2072104, -102142
-2072320, -103634
-2072488, -104860
-2072644, -107110
-2072964, -107592
-2073268, -108434
-2073404, -111000
-2073540, -113944
-2073880, -115606
-2074108, -118464
-2074316, -122798
-2074488, -126028
-2074596, -127954
-2074776, -129226
-2075264, -131644
-2075396, -134626
-2075564, -138058
-2075912, -142992
-2076584, -152890
-2077228, -159026
-2077324, -162858
-2077492, -166858
-2077868, -170912
-2078184, -176200
-2078464, -181032
-2078640, -183276
-2078964, -184698
-2079020, -186460
-2079080, -189886
-2079228, -196872
-2079424, -200288
-2079472, -203516
-2079576, -206752
-2079692, -208028
-2079888, -203932
-2079964, -206910
-2080020, -210190
-2080108, -213606
-2080160, -218220
-2080220, -222350
-2080372, -227490
-2080480, -233120
-2080572, -237338
-2080620, -242018
-2080700, -246008
-2080800, -250802
-2080912, -255996
-2081092, -262492
-2081436, -270496
-2081940, -283274
-2082396, -289746
-2082456, -293084
-2082572, -299518
-2082832, -305492
-2083008, -310918
-2083208, -315456
-2083296, -318660
-2083364, -325188
-2083732, -335404
-2084012, -343794
-2084088, -353586
-2084240, -358650
-2084488, -364342
-2084552, -366814
-2084652, -369984
-2084776, -374218
-2084968, -379318
-2085076, -386358
-2085260, -390576
-2085352, -393714
-2085468, -396512
-2085968, -404082
-2087100, -427790
-2087676, -429780
-2087956, -432298
-2087980, -432554
-2088004, -433186
-2088032, -433908
-2088124, -437412
-2088148, -438634
-2088172, -439480
-2088200, -440284
-2088204, -441162
-2088244, -441854
-2088272, -441686
-2088296, -440850
-2088324, -441106
-2088336, -441598
-2088356, -442180
-2088384, -442772
-2088408, -443476
-2088436, -443912
-2088460, -443878
-2088548, -443380
-2088580, -442044
-2088628, -441586
-2088656, -441370
-2088692, -441674
-2088716, -442500
-2088732, -443428
-2088756, -444454
-2088776, -445286
-2088788, -446288
-2088812, -447046
-2088840, -446912
-2088864, -445280
-2088892, -447878
-2088980, -450052
-2089040, -450648
-2089068, -451354
-2089088, -452226
-2089112, -453032
-2089136, -453802
-2089152, -454472
-2089184, -455056
-2089212, -455454
-2089224, -455920
-2089260, -456548
-2089276, -457270
-2089300, -458046
-2089324, -458718
-2089344, -459466
-2089372, -460274
-2089392, -461042
-2089420, -461770
-2089444, -462942
-2089460, -464136
-2089476, -465796
-2089492, -467692
-2089508, -469520
-2089524, -471348
-2089540, -473238
-2089556, -475066
-2089572, -476874
-2089580, -477660
-2089604, -479438
-2089628, -484808
-2089792, -489176
-2089868, -490946
-2089880, -492702
-2089896, -493814
-2089912, -495510
-2089928, -497238
-2089944, -498986
-2089960, -500732
-2089972, -502502
-2089988, -504354
-2090004, -506126
-2090012, -507846
-2090036, -509554
-2090052, -511270
-2090064, -512952
-2090080, -514158
-2090104, -515902
-2090112, -517652
-2090128, -519566
-2090148, -521318
-2090156, -523080
-2090176, -524906
-2090196, -526634
-2090212, -528432
-2090232, -530210
-2090240, -531988
-2090256, -533798
-2090268, -535500
-2090288, -537366
-2090308, -539292
-2090316, -540980
-2090348, -542354
-2090376, -544244
-2090388, -545670
-2090412, -547522
-2090428, -549418
-2090444, -551280
-2090460, -553088
-2090464, -555062
-2090488, -556972
-2090504, -558952
-2090520, -560904
-2090532, -563316
-2090548, -565784
-2090572, -568570
-2090632, -572022
-2090676, -575884
-2090696, -579654
-2090712, -584070
-2090856, -592120
-2091108, -602330
-2091164, -605562
-2091360, -612210
-2091512, -617696
-2091700, -621064
-2091880, -625266
-2092044, -630254
-2092044, -631730
-2092068, -633538
-2092084, -635334
-2092096, -637140
-2092108, -638876
-2092132, -640434
-2092140, -642386
-2092164, -644676
-2092208, -646702
-2092228, -649108
-2092244, -652036
-2092276, -654594
-2092352, -656706
-2092368, -658620
-2092400, -660612
-2092416, -662634
-2092452, -664540
-2092524, -666758
-2092560, -668730
-2092592, -670748
-2092616, -672702
-2092644, -674764
-2092672, -676652
-2092708, -679220
-2092764, -681684
-2092780, -683742
-2092828, -686010
-2092836, -687500
-2092872, -689002
-2092920, -690926
-2093004, -693468
-2093064, -695942
-2093328, -697930
-2093560, -699872
-2093568, -701058
-2093576, -702346
-2093576, -703632
-2093592, -704928
-2093592, -705982
-2093604, -707230
-2093608, -708590
-2093612, -709982
-2093624, -711190
-2093636, -712454
-2093644, -713646
-2093652, -714944
-2093660, -716244
-2093668, -717546
-2093676, -718846
-2093684, -720118
-2093684, -721420
-2093700, -722726
-2093708, -723954
-2093716, -725280
-2093724, -726604
-2093732, -727842
-2093736, -729166
-2093748, -730538
-2093760, -731616
-2093768, -732808
-2093776, -734138
-2093784, -735366
-2093792, -736676
-2093800, -737998
-2093804, -739374
-2093816, -740650
-2093824, -741978
-2093832, -743728
-2093868, -746790
-2094016, -749310
-2094044, -751952
-2094088, -754618
-2094172, -757680
-2094256, -761378
-2094360, -767322
-2094520, -773502
-2094692, -783172
-2094728, -793934
-2094736, -801084
-2094936, -808052
-2094976, -809314
-2094980, -810516
-2094996, -811404
-2095000, -812026
-2095012, -812602
-2095012, -813410
-2095024, -814048
-2095036, -815086
-2095044, -816194
-2095052, -817682
-2095068, -819694
-2095080, -821404
-2095100, -823784
-2095112, -825770
-2095132, -827066
-2095144, -828272
-2095160, -829204
-2095168, -829988
-2095176, -830658
-2095184, -831442
-2095192, -832274
-2095200, -833102
-2095208, -833886
-2095200, -834670
-2095212, -835460
-2095232, -836400
-2095240, -837184
-2095248, -837968
-2095256, -838752
-2095264, -839536
-2095272, -840320
-2095280, -841150
-2095280, -841922
-2095296, -842710
-2095308, -843596
-2095316, -844378
-2095324, -845216
-2095328, -845990
-2095332, -846722
-2095316, -847600
-2095348, -848402
-2095360, -849174
-2095360, -849886
-2095368, -850350
-2095368, -851056
-2095384, -851746
-2095392, -852564
-2095400, -853344
-2095408, -853958
-2095408, -854736
-2095424, -855446
-2095428, -856252
-2095436, -857120
-2095444, -858006
-2095452, -858974
-2095460, -859852
-2095468, -860866
-2095480, -861698
-2095488, -862478
-2095496, -863204
-2095504, -863984
-2095512, -864764
-2095512, -865542
-2095520, -866342
-2095536, -867152
-2095544, -868028
-2095552, -868804
-2095560, -869674
-2095568, -870644
-2095576, -871622
-2095584, -872600
-2095592, -873578
-2095600, -874556
-2095608, -875642
-2095616, -876620
-2095624, -877600
-2095624, -878456
-2095632, -879436
-2095640, -880416
-2095648, -881396
-2095656, -882376
-2095664, -883356
-2095672, -884334
-2095680, -885316
-2095688, -886310
-2095696, -887320
-2095704, -888330
-2095712, -889354
-2095720, -890422
-2095728, -891490
-2095728, -892570
-2095744, -893638
-2095744, -894704
-2095760, -895774
-2095768, -896842
-2095776, -897910
-2095784, -898978
-2095784, -900052
-2095800, -901122
-2095808, -902190
-2095816, -903258
-2095824, -904284
-2095832, -905352
-2095836, -906258
-2095848, -906680
-2095856, -907750
-2095864, -908820
-2095872, -909754
-2095880, -910824
-2095888, -911894
-2095888, -912962
-2095904, -914086
-2095908, -915112
-2095920, -916178
-2095928, -917248
-2095932, -918420
-2095944, -919514
-2095944, -920584
-2095964, -921672
-2095972, -922740
-2095976, -923880
-2095980, -925004
-2095988, -926098
-2096000, -927282
-2096008, -928464
-2096016, -929582
-2096024, -930676
-2096028, -931748
-2096044, -932818
-2096052, -933886
-2096060, -934964
-2096068, -936032
-2096076, -937100
-2096084, -938168
-2096096, -940270
-2096112, -941768
-2096120, -945638
-2096136, -949730
-2096280, -953464
-2096304, -958684
-2096404, -965284
-2096584, -972330
-2096708, -982840
-2096784, -992698
-2097160, -1014268
-2097412, -1028800
-2097532, -1032316
-2097808, -1041516
-2097952, -1044802
-2098348, -1047384
-2098348, -1047384
-2098348, -1047384
-2098348, -1047384
-2098348, -1047384
-2098348, -1047384
-2098340, -1047382
-2098348, -1047384
-2098348, -1047384
-2098348, -1047384
-2098348, -1047384
-2098348, -1047384
-2098348, -1047384
-2098348, -1047384
-2098348, -1047384
-2098348, -1047384
-2098348, -1047384
-2098348, -1047384
-2098348, -1047384
-2098348, -1047384
-2098340, -1047382
-2098348, -1047384
-2098348, -1047384
-2098348, -1047384
-2098348, -1047384
-2098348, -1047384
-2098348, -1047384
-2098348, -1047384
-2098348, -1047384
-2098348, -1047384
-2098340, -1047382
-2098348, -1047384
-2098340, -1047382
-2098348, -1047384
-2098348, -1047384
-2098348, -1047384
-2098348, -1047384
-2098340, -1047382
-2098340, -1047382
-2098348, -1047384
-2098348, -1047384
-2098348, -1047384
-2098340, -1047382
-2098348, -1047384
-2098348, -1047384
-2098340, -1047382
-2098348, -1047384
-2098348, -1047384
-2098348, -1047384
-2098348, -1047384
-2098348, -1047384
-2098348, -1047384
-2098340, -1047382
-2098348, -1047384
-2098348, -1047384
-2098348, -1047384
-2098348, -1047384
-2098348, -1047384
-2098348, -1047384
-2098340, -1047382
-2098348, -1047384
-2098348, -1047384
-2098348, -1047384
-2098348, -1047384
-2098348, -1047384
-2098348, -1047384
-2098348, -1047384
-2098348, -1047384
-2098348, -1047384
-2098348, -1047384
-2098348, -1047384
-2098340, -1047382
-2098348, -1047384
-2098348, -1047384
-2098348, -1047384
-2098340, -1047382
-2098348, -1047384
-2098348, -1047384
-2098348, -1047384
-2098348, -1047384
-2098348, -1047384
-2098348, -1047384
-2098348, -1047384
-2098348, -1047384
-2098348, -1047384
-2098348, -1047384
-2098348, -1047384
-2098348, -1047384
-2098348, -1047384
-2098348, -1047384
-2098340, -1047382
-2098348, -1047384
-2098348, -1047384
-2098348, -1047384
-2098348, -1047384
-2098340, -1047382
-2098348, -1047384
-2098348, -1047384
-2098348, -1047384
-2098348, -1047384
-2098348, -1047384
-2098348, -1047384
-2098348, -1047384
-2098340, -1047382
-2098348, -1047384
-2098348, -1047384
-2098348, -1047384
-2098348, -1047384
-2098348, -1047384
-2098348, -1047384
-2098348, -1047384
-2098340, -1047382
-2098348, -1047384
-2098348, -1047384
-2098348, -1047384
-2098348, -1047384
-2098348, -1047384
-2098348, -1047384
-2098348, -1047384
-2098340, -1047382
-2098348, -1047384
-2098348, -1047384
-2098340, -1047382
-2098348, -1047384
-2098348, -1047384
-2098348, -1047384
-2098348, -1047384
-2098348, -1047384
-2098348, -1047384
-2098348, -1047384
-2098348, -1047384
-2098348, -1047384
-2098348, -1047384
-2098348, -1047384
-2098348, -1047384
-2098348, -1047384
-2098348, -1047384
-2098348, -1047384
-2098348, -1047384
-2098348, -1047384
-2098348, -1047384
-2098348, -1047384
-2098348, -1047384
-2098348, -1047384
-2098348, -1047384
-2098348, -1047384
-2098348, -1047384
-2098348, -1047384
-2098348, -1047384
-2098348, -1047384
-2098348, -1047384
-2098348, -1047384
-2098348, -1047384
-2098348, -1047384
-2098348, -1047384
-2098348, -1047384
-2098348, -1047384
-2098348, -1047384
-2098348, -1047384
-2098340, -1047382
-2098348, -1047384
-2098348, -1047384
-2098348, -1047384
-2098348, -1047384
-2098340, -1047382
-2098348, -1047384
-2098348, -1047384
-2098348, -1047384
-2098340, -1047382
-2098348, -1047384
-2098348, -1047384
-2098348, -1047384
-2098348, -1047384
-2098348, -1047384
-2098348, -1047384
-2098340, -1047382
-2098348, -1047384
-2098348, -1047384
-2098348, -1047384
-2098348, -1047384
-2098348, -1047384
-2098348, -1047384
-2098348, -1047384
-2098348, -1047384
-2098348, -1047384
-2098348, -1047384
-2098348, -1047384
-2098348, -1047384
-2098348, -1047384
-2098348, -1047384
-2098340, -1047382
-2098348, -1047384
-2098348, -1047384
-2098348, -1047384
-2098348, -1047384
-2098348, -1047384
-2098348, -1047384
-2098348, -1047384
-2098348, -1047384
-2098348, -1047384
-2098332, -1047380
-2098348, -1047384
-2098348, -1047384
-2098348, -1047384
-2098348, -1047384
-2098348, -1047384
-2098348, -1047384
-2098348, -1047384
-2098348, -1047384
-2098348, -1047384
-2098348, -1047384
-2098348, -1047384
-2098348, -1047384
-2098340, -1047382
-2098348, -1047384
-2098340, -1047382
-2098348, -1047384
-2098348, -1047384
-2098348, -1047384
-2098340, -1047382
-2098340, -1047382
-2098348, -1047384
-2098348, -1047384
-2098340, -1047382
-2098348, -1047384
-2098348, -1047384
-2098348, -1047384
-2098348, -1047384
-2098340, -1047382
-2098348, -1047384
-2098348, -1047384
-2098348, -1047384
-2098348, -1047384
-2098348, -1047384
-2098348, -1047384
-2098348, -1047384
-2098340, -1047382
-2098348, -1047384
-2098348, -1047384
-2098348, -1047384
-2098348, -1047384
-2098348, -1047384
-2098348, -1047384
-2098348, -1047384
-2098348, -1047384
-2098348, -1047384
-2098332, -1047380
-2098348, -1047384
-2098348, -1047384
-2098348, -1047384
-2098348, -1047384
-2098348, -1047384
-2098348, -1047384
-2098348, -1047384
-2098348, -1047384
-2098348, -1047384
-2098348, -1047384
-2098348, -1047384
-2098348, -1047384
-2098348, -1047384
-2098348, -1047384
-2098348, -1047384
-2098348, -1047384
-2098348, -1047384
-2098340, -1047382
-2098348, -1047384
-2098348, -1047384
-2098348, -1047384
-2098348, -1047384
-2098348, -1047384
-2098340, -1047382
-2098348, -1047384
-2098348, -1047384
-2098348, -1047384
-2098348, -1047384
-2098348, -1047384
-2098348, -1047384
-2098348, -1047384
-2098348, -1047384
-2098340, -1047382
-2098348, -1047384
-2098348, -1047384
-2098348, -1047384
-2098340, -1047382
-2098340, -1047382
-2098348, -1047384
-2098348, -1047384
-2098332, -1047380
-2098340, -1047382
-2098348, -1047384
-2098348, -1047384
-2098348, -1047384
-2098348, -1047384
-2098348, -1047384
-2098348, -1047384
-2098348, -1047384
-2098340, -1047382
-2098348, -1047384
-2098348, -1047384
-2098348, -1047384
-2098348, -1047384
-2098348, -1047384
-2098348, -1047384
-2098348, -1047384
-2098348, -1047384
-2098348, -1047384
-2098348, -1047384
-2098348, -1047384
-2098348, -1047384
-2098348, -1047384
-2098348, -1047384
-2098348, -1047384
-2098348, -1047384
-2098348, -1047384
-2098348, -1047384
-2098348, -1047384
-2098348, -1047384
-2098348, -1047384
-2098348, -1047384
-2098348, -1047384
-2098348, -1047384
-2098348, -1047384
-2098348, -1047384
-2098348, -1047384
-2098348, -1047384
-2098340, -1047382
-2098348, -1047384
-2098348, -1047384
-2098348, -1047384
-2098348, -1047384
-2098348, -1047384
-2098348, -1047384
-2098348, -1047384
-2098340, -1047382
-2098348, -1047384
-2098348, -1047384
-2098348, -1047384
-2098348, -1047384
-2098348, -1047384
-2098348, -1047384
-2098348, -1047384
-2098348, -1047384
-2098348, -1047384
-2098348, -1047384
-2098348, -1047384
-2098348, -1047384
-2098348, -1047384
-2098348, -1047384
-2098348, -1047384
-2098348, -1047384
-2098340, -1047382
-2098348, -1047384
-2098348, -1047384
-2098348, -1047384
-2098348, -1047384
-2098348, -1047384
-2098348, -1047384
-2098348, -1047384
-2098348, -1047384
-2098348, -1047384
-2098348, -1047384
-2098348, -1047384
-2098348, -1047384
-2098348, -1047384
-2098348, -1047384
-2098348, -1047384
-2098348, -1047384
-2098348, -1047384
-2098348, -1047384
-2098348, -1047384
-2098348, -1047384
-2098340, -1047382
-2098348, -1047384
-2098348, -1047384
-2098348, -1047384
-2098340, -1047382
-2098348, -1047384
-2098348, -1047384
-2098348, -1047384
-2098340, -1047382
-2098348, -1047384
-2098348, -1047384
-2098348, -1047384
-2098348, -1047384
-2098348, -1047384
-2098348, -1047384
-2098348, -1047384
-2098340, -1047382
-2098348, -1047384
-2098348, -1047384
-2098348, -1047384
-2098348, -1047384
-2098348, -1047384
-2098348, -1047384
-2098348, -1047384
-2098348, -1047384
-2098348, -1047384
-2098348, -1047384
-2098348, -1047384
-2098348, -1047384
-2098348, -1047384
-2098348, -1047384
-2098348, -1047384
-2098348, -1047384
-2098340, -1047382
-2098348, -1047384
-2098348, -1047384
-2098348, -1047384
-2098348, -1047384
-2098348, -1047384
-2098348, -1047384
-2098348, -1047384
-2098348, -1047384
-2098348, -1047384
-2098348, -1047384
-2098348, -1047384
-2098348, -1047384
-2098348, -1047384
-2098340, -1047382
-2098348, -1047384
-2098348, -1047384
-2098348, -1047384
-2098348, -1047384
-2098348, -1047384
-2098348, -1047384
-2098340, -1047382
-2098348, -1047384
-2098348, -1047384
-2098348, -1047384
-2098348, -1047384
-2098348, -1047384
-2098348, -1047384
-2098340, -1047382
-2098348, -1047384
-2098348, -1047384
-2098348, -1047384
-2098348, -1047384
-2098348, -1047384
-2098348, -1047384
-2098348, -1047384
-2098348, -1047384
-2098348, -1047384
-2098348, -1047384
-2098348, -1047384
-2098348, -1047384
-2098348, -1047384
-2098348, -1047384
-2098348, -1047384
-2098348, -1047384
-2098348, -1047384
-2098340, -1047382
-2098348, -1047384
-2098348, -1047384
-2098348, -1047384
-2098348, -1047384
-2098348, -1047384
-2098340, -1047382
-2098348, -1047384
-2098348, -1047384
-2098348, -1047384
-2098348, -1047384
-2098348, -1047384
-2098348, -1047384
-2098340, -1047382
-2098348, -1047384
-2098348, -1047384
-2098348, -1047384
-2098348, -1047384
-2098348, -1047384
-2098348, -1047384
-2098348, -1047384
-2098348, -1047384
-2098348, -1047384
-2098348, -1047384
-2098348, -1047384
-2098348, -1047384
-2098348, -1047384
-2098348, -1047384
-2098348, -1047384
-2098348, -1047384
-2098340, -1047382
-2098348, -1047384
-2098348, -1047384
-2098348, -1047384
-2098348, -1047384
-2098348, -1047384
-2098348, -1047384
-2098348, -1047384
-2098348, -1047384
-2098348, -1047384
-2098348, -1047384
-2098348, -1047384
-2098348, -1047384
-2098348, -1047384
-2098348, -1047384
-2098348, -1047384
-2098348, -1047384
-2098348, -1047384
