200	 6.80
366	 6.75
532	 6.79
698	 6.79
864	 6.72
1030	 6.75
1196	 6.78
1362	 6.79
1528	 6.75
1694	 6.79
1860	 6.74
2026	 6.80
2192	 6.77
2358	 6.77
2524	 6.78
2690	 6.74
2856	 6.77
3022	 6.77
3188	 6.74
3354	 6.78
3520	 6.78
3686	 6.74
3852	 6.77
4018	 6.77
4184	 6.77
4350	 6.75
4516	 6.76
4682	 6.77
4848	 6.74
5014	 6.78
5180	 6.76
5346	 6.75
5512	 6.75
5678	 6.76
5844	 6.76
6010	 6.77
6176	 6.76
6342	 6.76
6508	 6.76
6674	 6.75
6840	 6.76
7006	 6.76
7172	 6.77
7338	 6.76
7504	 6.73
7670	 6.78
7836	 6.78
8002	 6.76
8168	 6.77
8334	 6.79
8500	 6.74
8666	 6.76
8832	 6.78
8998	 6.76
9164	 6.74
9330	 6.77
9496	 6.76
9662	 6.78
9828	 6.75
9994	 6.76
10160	 6.78
10326	 6.77
10492	 6.75
10658	 6.76
10824	 6.77
10990	 6.76
11156	 6.77
11322	 6.75
11488	 6.75
11654	 6.76
11820	 6.76
11986	 6.74
12152	 6.77
12318	 6.77
12484	 6.77
12650	 6.78
12816	 6.74
12982	 6.77
13148	 6.77
13314	 6.77
13480	 6.76
13646	 6.78
13812	 6.76
13978	 6.78
14144	 6.76
14310	 6.77
14476	 6.75
14642	 6.77
14808	 6.78
14974	 6.76
15140	 6.76
15306	 6.76
15472	 6.76
15638	 6.77
15804	 6.78
15970	 6.76
16136	 6.76
16302	 6.76
16468	 6.76
16634	 6.76
16800	 6.76
16966	 6.76
17132	 6.76
17298	 6.77
17464	 6.77
17630	 6.75
17796	 6.76
17962	 6.76
18128	 6.77
18294	 6.78
18460	 6.76
18626	 6.76
18792	 6.77
18958	 6.76
19124	 6.76
19290	 6.76
19456	 6.76
19622	 6.77
19788	 6.75
19954	 6.76
20120	 6.76
20286	 6.76
20452	 6.77
20618	 6.77
20784	 6.76
20950	 6.77
21116	 6.76
21282	 6.76
21448	 6.78
21614	 6.76
21780	 6.75
21946	 6.76
22112	 6.77
22278	 6.76
22444	 6.76
22610	 6.77
22776	 6.75
22942	 6.77
23108	 6.76
23274	 6.75
23440	 6.76
23606	 6.77
23772	 6.76
23938	 6.77
24104	 6.76
24270	 6.76
24436	 6.78
24602	 6.77
24768	 6.77
24934	 6.76
25100	 6.77
25266	 6.77
25432	 6.76
25598	 6.77
25764	 6.76
25930	 6.76
26096	 6.76
26262	 6.76
26428	 6.77
26594	 6.76
26760	 6.77
26926	 6.76
27092	 6.76
27258	 6.76
27424	 6.76
27590	 6.77
27756	 6.76
27922	 6.76
28088	 6.76
28254	 6.76
28420	 6.76
28586	 6.76
28752	 6.77
28918	 6.76
29084	 6.77
29250	 6.76
29416	 6.76
29582	 6.76
29748	 6.76
29914	 6.76
30080	 6.76
30246	 6.77
30412	 6.76
30578	 6.76
30744	 6.76
30910	 6.76
31076	 6.76
31242	 6.76
31408	 6.77
31574	 6.76
31740	 6.76
31906	 6.76
32072	 6.76
32238	 6.76
32404	 6.76
32570	 6.76
32736	 6.77
32902	 6.76
33068	 6.77
33234	 6.76
33400	 6.76
33566	 6.77
33732	 6.76
33898	 6.76
34064	 6.76
34230	 6.76
34396	 6.75
34562	 6.77
34728	 6.77
34894	 6.77
35060	 6.76
35226	 6.76
35392	 6.76
35558	 6.76
35724	 6.77
35890	 6.76
36056	 6.77
36222	 6.76
36388	 6.76
36554	 6.76
36720	 6.76
36886	 6.77
37052	 6.77
37218	 6.76
37384	 6.76
37550	 6.76
37716	 6.77
37882	 6.77
38048	 6.76
38214	 6.76
38380	 6.75
38546	 6.76
38712	 6.77
38878	 6.77
39044	 6.75
39210	 6.76
39376	 6.76
39542	 6.76
39708	 6.76
39874	 6.77
40040	 6.76
40206	 6.76
40372	 6.77
40538	 6.77
40704	 6.77
40870	 6.77
41036	 6.76
41202	 6.75
41368	 6.77
41534	 6.77
41700	 6.76
41866	 6.77
42032	 6.76
42198	 6.76
42364	 6.76
42530	 6.77
42696	 6.77
42862	 6.76
43028	 6.76
43194	 6.76
43360	 6.76
43526	 6.76
43692	 6.76
43858	 6.77
44024	 6.76
44190	 6.76
44356	 6.75
44522	 6.75
44688	 6.77
44854	 6.77
45020	 6.76
45186	 6.76
45352	 6.77
45518	 6.77
45684	 6.76
45850	 6.77
46016	 6.76
46182	 6.75
46348	 6.76
46514	 6.76
46680	 6.75
46846	 6.76
47012	 6.77
47178	 6.76
47344	 6.77
47510	 6.76
47676	 6.76
47842	 6.76
48008	 6.77
48174	 6.76
48340	 6.76
48506	 6.76
48672	 6.76
48838	 6.76
49004	 6.76
49170	 6.76
49336	 6.76
49502	 6.76
49668	 6.77
49834	 6.76
50000	 6.76
50166	 6.76
50332	 6.76
50498	 6.76
50664	 6.76
50830	 6.77
50996	 6.76
51162	 6.76
51328	 6.76
51494	 6.76
51660	 6.76
51826	 6.76
51992	 6.76
52158	 6.76
52324	 6.76
52490	 6.76
52656	 6.76
52822	 6.76
52988	 6.76
53154	 6.76
53320	 6.77
53486	 6.76
53652	 6.76
53818	 6.76
53984	 6.76
54150	 6.76
54316	 6.76
54482	 6.76
54648	 6.76
54814	 6.77
54980	 6.76
55146	 6.77
55312	 6.76
55478	 6.76
55644	 6.76
55810	 6.77
55976	 6.76
56142	 6.76
56308	 6.76
56474	 6.76
56640	 6.76
56806	 6.77
56972	 6.77
57138	 6.76
57304	 6.77
57470	 6.76
57636	 6.76
57802	 6.76
57968	 6.77
58134	 6.76
58300	 6.76
58466	 6.76
58632	 6.76
58798	 6.76
58964	 6.76
59130	 6.76
59296	 6.76
59462	 6.76
59628	 6.76
59794	 6.77
59960	 6.76
60126	 6.77
60292	 6.76
60458	 6.76
60624	 6.76
60790	 6.77
60956	 6.76
61122	 6.76
61288	 6.77
61454	 6.76
61620	 6.76
61786	 6.76
61952	 6.77
62118	 6.76
62284	 6.76
62450	 6.77
62616	 6.76
62782	 6.76
62948	 6.76
63114	 6.76
63280	 6.76
63446	 6.77
63612	 6.77
63778	 6.77
63944	 6.76
64110	 6.76
64276	 6.76
64442	 6.76
64608	 6.76
64774	 6.76
64940	 6.76
65106	 6.76
65272	 6.76
65438	 6.76
65604	 6.76
65770	 6.76
65936	 6.76
66102	 6.76
66268	 6.76
66434	 6.77
66600	 6.76
66766	 6.76
66932	 6.76
67098	 6.76
67264	 6.76
67430	 6.76
67596	 6.76
67762	 6.77
67928	 6.77
68094	 6.77
68260	 6.76
68426	 6.76
68592	 6.76
68758	 6.76
68924	 6.75
69090	 6.76
69256	 6.76
69422	 6.77
69588	 6.76
69754	 6.77
69920	 6.76
70086	 6.76
70252	 6.76
70418	 6.76
70584	 6.77
70750	 6.76
70916	 6.76
71082	 6.77
71248	 6.76
71414	 6.76
71580	 6.76
71746	 6.76
71912	 6.76
72078	 6.76
72244	 6.76
72410	 6.76
72576	 6.76
72742	 6.76
72908	 6.76
73074	 6.76
73240	 6.75
73406	 6.76
73572	 6.76
73738	 6.75
73904	 6.77
74070	 6.76
74236	 6.76
74402	 6.76
74568	 6.76
74734	 6.76
74900	 6.76
75066	 6.76
75232	 6.76
75398	 6.77
75564	 6.76
75730	 6.76
75896	 6.76
76062	 6.77
76228	 6.76
76394	 6.77
76560	 6.76
76726	 6.76
76892	 6.76
77058	 6.76
77224	 6.76
77390	 6.76
77556	 6.76
77722	 6.76
77888	 6.77
78054	 6.76
78220	 6.76
78386	 6.76
78552	 6.76
78718	 6.76
78884	 6.76
79050	 6.76
79216	 6.76
79382	 6.76
79548	 6.76
79714	 6.76
79880	 6.77
80046	 6.76
80212	 6.76
80378	 6.76
80544	 6.76
80710	 6.77
80876	 6.76
81042	 6.76
81208	 6.76
81374	 6.77
81540	 6.76
81706	 6.77
81872	 6.76
82038	 6.76
82204	 6.76
82370	 6.76
82536	 6.76
82702	 6.76
82868	 6.76
83034	 6.76
83200	 6.76
83366	 6.76
83532	 6.76
83698	 6.76
83864	 6.77
84030	 6.76
84196	 6.76
84362	 6.76
84528	 6.77
84694	 6.76
84860	 6.76
85026	 6.76
85192	 6.77
85358	 6.76
85524	 6.76
85690	 6.76
85856	 6.76
86022	 6.77
86188	 6.76
86354	 6.76
86520	 6.76
86686	 6.76
86852	 6.76
87018	 6.77
87184	 6.76
87350	 6.76
87516	 6.77
87682	 6.76
87848	 6.76
88014	 6.76
88180	 6.76
88346	 6.77
88512	 6.76
88678	 6.76
88844	 6.76
89010	 6.76
89176	 6.76
89342	 6.76
89508	 6.76
89674	 6.76
89840	 6.76
90006	 6.76
90172	 6.77
90338	 6.76
90504	 6.76
90670	 6.76
90836	 6.76
91002	 6.76
91168	 6.76
91334	 6.76
91500	 6.76
91666	 6.76
91832	 6.77
91998	 6.76
92164	 6.76
92330	 6.76
92496	 6.77
92662	 6.77
92828	 6.77
92994	 6.76
93160	 6.76
93326	 6.76
93492	 6.76
93658	 6.76
93824	 6.76
93990	 6.76
94156	 6.76
94322	 6.76
94488	 6.76
94654	 6.76
94820	 6.76
94986	 6.77
95152	 6.76
95318	 6.76
95484	 6.76
95650	 6.77
95816	 6.76
95982	 6.76
96148	 6.76
96314	 6.76
96480	 6.77
96646	 6.77
96812	 6.76
96978	 6.76
97144	 6.76
97310	 6.76
97476	 6.76
97642	 6.76
97808	 6.76
97974	 6.76
98140	 6.76
98306	 6.76
98472	 6.76
98638	 6.76
98804	 6.76
98970	 6.76
99136	 6.76
99302	 6.77
99468	 6.76
99634	 6.76
99800	 6.76
99966	 6.76
100132	 6.76
100298	 6.76
100464	 6.76
100630	 6.76
100796	 6.76
100962	 6.76
101128	 6.76
101294	 6.76
101460	 6.76
101626	 6.76
101792	 6.77
101958	 6.76
102124	 6.77
102290	 6.76
102456	 6.76
102622	 6.76
102788	 6.76
102954	 6.76
103120	 6.76
103286	 6.76
103452	 6.77
103618	 6.76
103784	 6.77
103950	 6.76
104116	 6.76
104282	 6.76
104448	 6.76
104614	 6.76
104780	 6.76
104946	 6.76
105112	 6.76
105278	 6.76
105444	 6.76
105610	 6.76
105776	 6.76
105942	 6.76
106108	 6.76
106274	 6.76
106440	 6.76
106606	 6.76
106772	 6.76
106938	 6.76
107104	 6.77
107270	 6.76
107436	 6.76
107602	 6.77
107768	 6.76
107934	 6.76
108100	 6.76
108266	 6.77
108432	 6.76
108598	 6.77
108764	 6.76
108930	 6.76
109096	 6.77
109262	 6.77
109428	 6.76
109594	 6.76
109760	 6.77
109926	 6.76
110092	 6.76
110258	 6.76
110424	 6.76
110590	 6.76
110756	 6.76
110922	 6.76
111088	 6.77
111254	 6.76
111420	 6.76
111586	 6.76
111752	 6.76
111918	 6.76
112084	 6.76
112250	 6.77
112416	 6.76
112582	 6.76
112748	 6.76
112914	 6.76
113080	 6.77
113246	 6.75
113412	 6.77
113578	 6.76
113744	 6.76
113910	 6.76
114076	 6.76
114242	 6.76
114408	 6.76
114574	 6.76
114740	 6.77
114906	 6.77
115072	 6.76
115238	 6.76
115404	 6.76
115570	 6.76
115736	 6.76
115902	 6.76
116068	 6.76
116234	 6.77
116400	 6.76
116566	 6.77
116732	 6.77
116898	 6.76
117064	 6.76
117230	 6.76
117396	 6.76
117562	 6.76
117728	 6.76
117894	 6.76
118060	 6.76
118226	 6.76
118392	 6.76
118558	 6.76
118724	 6.76
118890	 6.76
119056	 6.76
119222	 6.77
119388	 6.77
119554	 6.76
119720	 6.76
119886	 6.76
120052	 6.76
120218	 6.76
120384	 6.77
120550	 6.76
120716	 6.77
120882	 6.76
121048	 6.77
121214	 6.76
121380	 6.76
121546	 6.76
121712	 6.77
121878	 6.76
122044	 6.76
122210	 6.76
122376	 6.76
122542	 6.76
122708	 6.76
122874	 6.76
123040	 6.77
123206	 6.77
123372	 6.77
123538	 6.76
123704	 6.76
123870	 6.76
124036	 6.76
124202	 6.77
124368	 6.76
124534	 6.76
124700	 6.76
124866	 6.76
125032	 6.76
125198	 6.76
125364	 6.76
125530	 6.76
125696	 6.76
125862	 6.77
126028	 6.77
126194	 6.76
126360	 6.76
126526	 6.76
126692	 6.76
126858	 6.76
127024	 6.76
127190	 6.76
127356	 6.76
127522	 6.76
127688	 6.76
127854	 6.76
128020	 6.76
128186	 6.76
128352	 6.76
128518	 6.76
128684	 6.76
128850	 6.76
129016	 6.76
129182	 6.76
129348	 6.76
129514	 6.77
129680	 6.76
129846	 6.76
130012	 6.77
130178	 6.77
130344	 6.76
130510	 6.76
130676	 6.76
130842	 6.76
131008	 6.76
131174	 6.76
131340	 6.76
131506	 6.76
131672	 6.76
131838	 6.76
132004	 6.76
132170	 6.76
132336	 6.76
132502	 6.76
132668	 6.76
132834	 6.76
133000	 6.77
133166	 6.76
133332	 6.76
133498	 6.76
133664	 6.76
133830	 6.76
133996	 6.76
134162	 6.76
134328	 6.76
134494	 6.76
134660	 6.76
134826	 6.76
134992	 6.76
135158	 6.76
135324	 6.77
135490	 6.77
135656	 6.76
135822	 6.77
135988	 6.76
136154	 6.76
136320	 6.76
136486	 6.76
136652	 6.76
136818	 6.77
136984	 6.76
137150	 6.76
137316	 6.77
137482	 6.76
137648	 6.76
137814	 6.76
137980	 6.77
138146	 6.76
138312	 6.76
138478	 6.76
138644	 6.76
138810	 6.76
138976	 6.76
139142	 6.76
139308	 6.76
139474	 6.76
139640	 6.76
139806	 6.76
139972	 6.77
140138	 6.76
140304	 6.76
140470	 6.76
140636	 6.76
140802	 6.76
140968	 6.76
141134	 6.76
141300	 6.76
141466	 6.76
141632	 6.76
141798	 6.76
141964	 6.76
142130	 6.76
142296	 6.76
142462	 6.76
142628	 6.76
142794	 6.76
142960	 6.76
143126	 6.76
143292	 6.76
143458	 6.76
143624	 6.76
143790	 6.76
143956	 6.76
144122	 6.76
144288	 6.77
144454	 6.76
144620	 6.76
144786	 6.76
144952	 6.76
145118	 6.76
145284	 6.76
145450	 6.76
145616	 6.76
145782	 6.76
145948	 6.76
146114	 6.76
146280	 6.76
146446	 6.76
146612	 6.76
146778	 6.76
146944	 6.76
147110	 6.77
147276	 6.76
147442	 6.76
147608	 6.76
147774	 6.76
147940	 6.76
148106	 6.77
148272	 6.76
148438	 6.76
148604	 6.76
148770	 6.77
148936	 6.76
149102	 6.76
149268	 6.76
149434	 6.76
149600	 6.76
149766	 6.76
149932	 6.77
150098	 6.76
150264	 6.76
150430	 6.76
150596	 6.77
150762	 6.76
150928	 6.76
151094	 6.77
151260	 6.76
151426	 6.76
151592	 6.76
151758	 6.76
151924	 6.77
152090	 6.76
152256	 6.76
152422	 6.76
152588	 6.76
152754	 6.76
152920	 6.76
153086	 6.76
153252	 6.76
153418	 6.76
153584	 6.76
153750	 6.76
153916	 6.76
154082	 6.76
154248	 6.76
154414	 6.76
154580	 6.76
154746	 6.76
154912	 6.76
155078	 6.76
155244	 6.77
155410	 6.77
155576	 6.76
155742	 6.76
155908	 6.76
156074	 6.76
156240	 6.76
156406	 6.75
156572	 6.76
156738	 6.77
156904	 6.76
157070	 6.76
157236	 6.77
157402	 6.76
157568	 6.76
157734	 6.76
157900	 6.76
158066	 6.76
158232	 6.76
158398	 6.76
158564	 6.76
158730	 6.76
158896	 6.76
159062	 6.76
159228	 6.77
159394	 6.76
159560	 6.76
159726	 6.77
159892	 6.76
160058	 6.76
160224	 6.76
160390	 6.77
160556	 6.76
160722	 6.76
160888	 6.76
161054	 6.76
161220	 6.76
161386	 6.76
161552	 6.76
161718	 6.76
161884	 6.76
162050	 6.76
162216	 6.76
162382	 6.76
162548	 6.76
162714	 6.76
162880	 6.77
163046	 6.76
163212	 6.76
163378	 6.76
163544	 6.76
163710	 6.76
163876	 6.76
164042	 6.76
164208	 6.76
164374	 6.77
164540	 6.76
164706	 6.77
164872	 6.76
165038	 6.76
165204	 6.76
165370	 6.76
165536	 6.76
165702	 6.76
165868	 6.76
166034	 6.76
166200	 6.76
166366	 6.76
166532	 6.76
166698	 6.76
166864	 6.76
167030	 6.76
167196	 6.76
167362	 6.76
167528	 6.76
167694	 6.76
167860	 6.76
168026	 6.76
168192	 6.76
168358	 6.77
168524	 6.76
168690	 6.76
168856	 6.76
169022	 6.76
169188	 6.76
169354	 6.76
169520	 6.76
169686	 6.76
169852	 6.76
170018	 6.76
170184	 6.76
170350	 6.76
170516	 6.76
170682	 6.77
170848	 6.76
171014	 6.76
171180	 6.76
171346	 6.76
171512	 6.76
171678	 6.76
171844	 6.77
172010	 6.76
172176	 6.76
172342	 6.76
172508	 6.77
172674	 6.76
172840	 6.76
173006	 6.76
173172	 6.76
173338	 6.76
173504	 6.76
173670	 6.77
173836	 6.76
174002	 6.76
174168	 6.76
174334	 6.76
174500	 6.76
174666	 6.76
174832	 6.76
174998	 6.77
175164	 6.76
175330	 6.76
175496	 6.76
175662	 6.76
175828	 6.76
175994	 6.76
176160	 6.76
176326	 6.77
176492	 6.76
176658	 6.76
176824	 6.76
176990	 6.76
177156	 6.76
177322	 6.76
177488	 6.77
177654	 6.76
177820	 6.77
177986	 6.76
178152	 6.76
178318	 6.77
178484	 6.76
178650	 6.76
178816	 6.76
178982	 6.76
179148	 6.76
179314	 6.76
179480	 6.76
179646	 6.76
179812	 6.76
179978	 6.76
180144	 6.76
180310	 6.76
180476	 6.76
180642	 6.76
180808	 6.76
180974	 6.76
181140	 6.76
181306	 6.76
181472	 6.76
181638	 6.76
181804	 6.76
181970	 6.76
182136	 6.76
182302	 6.76
182468	 6.76
182634	 6.76
182800	 6.76
182966	 6.77
183132	 6.76
183298	 6.76
183464	 6.76
183630	 6.76
183796	 6.76
183962	 6.76
184128	 6.76
184294	 6.76
184460	 6.76
184626	 6.76
184792	 6.76
184958	 6.76
185124	 6.76
185290	 6.76
185456	 6.76
185622	 6.76
185788	 6.76
185954	 6.76
186120	 6.76
186286	 6.76
186452	 6.76
186618	 6.77
186784	 6.76
186950	 6.76
187116	 6.76
187282	 6.76
187448	 6.76
187614	 6.76
187780	 6.76
187946	 6.76
188112	 6.76
188278	 6.76
188444	 6.76
188610	 6.76
188776	 6.76
188942	 6.76
189108	 6.76
189274	 6.76
189440	 6.76
189606	 6.76
189772	 6.76
189938	 6.77
190104	 6.77
190270	 6.76
190436	 6.76
190602	 6.76
190768	 6.76
190934	 6.76
191100	 6.76
191266	 6.76
191432	 6.76
191598	 6.77
191764	 6.76
191930	 6.76
192096	 6.76
192262	 6.77
192428	 6.76
192594	 6.76
192760	 6.76
192926	 6.76
193092	 6.76
193258	 6.76
193424	 6.76
193590	 6.76
193756	 6.76
193922	 6.76
194088	 6.77
194254	 6.76
194420	 6.76
194586	 6.76
194752	 6.76
194918	 6.76
195084	 6.76
195250	 6.77
195416	 6.76
195582	 6.76
195748	 6.76
195914	 6.77
196080	 6.76
196246	 6.76
196412	 6.76
196578	 6.76
196744	 6.76
196910	 6.76
197076	 6.76
197242	 6.76
197408	 6.76
197574	 6.76
197740	 6.76
197906	 6.76
198072	 6.76
198238	 6.76
198404	 6.76
198570	 6.77
198736	 6.76
198902	 6.76
199068	 6.76
199234	 6.76
199400	 6.76
199566	 6.76
199732	 6.76
199898	 6.76
200064	 6.76
200230	 6.76
200396	 6.76
200562	 6.76
200728	 6.76
200894	 6.76
201060	 6.76
201226	 6.76
201392	 6.76
201558	 6.76
201724	 6.76
201890	 6.76
202056	 6.77
202222	 6.76
202388	 6.76
202554	 6.76
202720	 6.76
202886	 6.76
203052	 6.76
203218	 6.76
203384	 6.77
203550	 6.76
203716	 6.77
203882	 6.76
204048	 6.76
204214	 6.76
204380	 6.76
204546	 6.76
204712	 6.76
204878	 6.76
205044	 6.76
205210	 6.76
205376	 6.76
205542	 6.76
205708	 6.76
205874	 6.76
206040	 6.76
206206	 6.76
206372	 6.76
206538	 6.76
206704	 6.76
206870	 6.76
207036	 6.76
207202	 6.76
207368	 6.76
207534	 6.76
207700	 6.76
207866	 6.76
208032	 6.76
208198	 6.76
208364	 6.76
208530	 6.76
208696	 6.76
208862	 6.76
209028	 6.76
209194	 6.76
209360	 6.76
209526	 6.76
209692	 6.76
209858	 6.76
210024	 6.77
210190	 6.76
210356	 6.76
210522	 6.76
210688	 6.76
210854	 6.76
211020	 6.76
211186	 6.76
211352	 6.76
211518	 6.76
211684	 6.76
211850	 6.76
212016	 6.76
212182	 6.76
212348	 6.76
212514	 6.77
212680	 6.76
212846	 6.77
213012	 6.76
213178	 6.76
213344	 6.76
213510	 6.77
213676	 6.76
213842	 6.76
214008	 6.76
214174	 6.76
214340	 6.76
214506	 6.76
214672	 6.76
214838	 6.76
215004	 6.76
215170	 6.76
215336	 6.76
215502	 6.76
215668	 6.76
215834	 6.77
216000	 6.76
216166	 6.76
216332	 6.76
216498	 6.76
216664	 6.76
216830	 6.77
216996	 6.76
217162	 6.76
217328	 6.76
217494	 6.76
217660	 6.76
217826	 6.76
217992	 6.76
218158	 6.76
218324	 6.76
218490	 6.76
218656	 6.76
218822	 6.76
218988	 6.76
219154	 6.76
219320	 6.76
219486	 6.76
219652	 6.77
219818	 6.76
219984	 6.76
220150	 6.76
220316	 6.76
220482	 6.76
220648	 6.76
220814	 6.76
220980	 6.76
221146	 6.76
221312	 6.76
221478	 6.77
221644	 6.76
221810	 6.76
221976	 6.76
222142	 6.76
222308	 6.76
222474	 6.76
222640	 6.76
222806	 6.76
222972	 6.76
223138	 6.76
223304	 6.76
223470	 6.76
223636	 6.76
223802	 6.76
223968	 6.76
224134	 6.76
224300	 6.76
224466	 6.76
224632	 6.76
224798	 6.76
224964	 6.76
225130	 6.76
225296	 6.77
225462	 6.77
225628	 6.76
225794	 6.76
225960	 6.76
226126	 6.76
226292	 6.76
226458	 6.76
226624	 6.76
226790	 6.76
226956	 6.76
227122	 6.77
227288	 6.76
227454	 6.76
227620	 6.76
227786	 6.76
227952	 6.76
228118	 6.77
228284	 6.77
228450	 6.76
228616	 6.77
228782	 6.76
228948	 6.76
229114	 6.76
229280	 6.77
229446	 6.76
229612	 6.76
229778	 6.76
229944	 6.76
230110	 6.76
230276	 6.76
230442	 6.77
230608	 6.76
230774	 6.76
230940	 6.76
231106	 6.76
231272	 6.76
231438	 6.77
231604	 6.77
231770	 6.76
231936	 6.76
232102	 6.76
232268	 6.76
232434	 6.76
232600	 6.77
232766	 6.76
232932	 6.77
233098	 6.76
233264	 6.76
233430	 6.76
233596	 6.76
233762	 6.76
233928	 6.76
234094	 6.76
234260	 6.76
234426	 6.76
234592	 6.76
234758	 6.76
234924	 6.76
235090	 6.76
235256	 6.76
235422	 6.76
235588	 6.76
235754	 6.76
235920	 6.76
236086	 6.76
236252	 6.76
236418	 6.76
236584	 6.76
236750	 6.76
236916	 6.76
237082	 6.76
237248	 6.76
237414	 6.76
237580	 6.77
237746	 6.76
237912	 6.76
238078	 6.76
238244	 6.76
238410	 6.76
238576	 6.76
238742	 6.76
238908	 6.76
239074	 6.76
239240	 6.76
239406	 6.76
239572	 6.76
239738	 6.76
239904	 6.76
240070	 6.76
240236	 6.76
240402	 6.76
240568	 6.76
240734	 6.76
240900	 6.76
241066	 6.76
241232	 6.76
241398	 6.76
241564	 6.76
241730	 6.76
241896	 6.76
242062	 6.77
242228	 6.76
242394	 6.76
242560	 6.76
242726	 6.76
242892	 6.76
243058	 6.76
243224	 6.76
243390	 6.77
243556	 6.76
243722	 6.76
243888	 6.76
244054	 6.76
244220	 6.76
244386	 6.76
244552	 6.76
244718	 6.76
244884	 6.76
245050	 6.76
245216	 6.77
245382	 6.77
245548	 6.76
245714	 6.76
245880	 6.76
246046	 6.76
246212	 6.77
246378	 6.76
246544	 6.76
246710	 6.77
246876	 6.76
247042	 6.77
247208	 6.76
247374	 6.76
247540	 6.76
247706	 6.76
247872	 6.76
248038	 6.76
248204	 6.76
248370	 6.76
248536	 6.76
248702	 6.76
248868	 6.77
249034	 6.76
249200	 6.76
249366	 6.76
249532	 6.76
249698	 6.76
249864	 6.76
250030	 6.76
250196	 6.76
250362	 6.76
250528	 6.76
250694	 6.76
250860	 6.76
251026	 6.76
251192	 6.76
251358	 6.76
251524	 6.76
251690	 6.77
251856	 6.76
252022	 6.76
252188	 6.76
252354	 6.76
252520	 6.76
252686	 6.76
252852	 6.76
253018	 6.76
253184	 6.76
253350	 6.76
253516	 6.76
253682	 6.76
253848	 6.76
254014	 6.76
254180	 6.76
254346	 6.76
254512	 6.76
254678	 6.76
254844	 6.76
255010	 6.76
255176	 6.76
255342	 6.76
255508	 6.76
255674	 6.76
255840	 6.76
256006	 6.76
256172	 6.76
256338	 6.76
256504	 6.77
256670	 6.76
256836	 6.76
257002	 6.76
257168	 6.77
257334	 6.76
257500	 6.76
257666	 6.76
257832	 6.76
257998	 6.76
258164	 6.77
258330	 6.76
258496	 6.76
258662	 6.76
258828	 6.76
258994	 6.76
259160	 6.76
259326	 6.76
259492	 6.76
259658	 6.76
259824	 6.76
259990	 6.76
260156	 6.77
260322	 6.76
260488	 6.76
260654	 6.76
260820	 6.76
260986	 6.77
261152	 6.76
261318	 6.76
261484	 6.76
261650	 6.76
261816	 6.76
261982	 6.76
262148	 6.76
262314	 6.76
262480	 6.76
262646	 6.76
262812	 6.77
262978	 6.77
263144	 6.76
263310	 6.76
263476	 6.76
263642	 6.76
263808	 6.76
263974	 6.76
264140	 6.76
264306	 6.76
264472	 6.76
264638	 6.76
264804	 6.76
264970	 6.76
265136	 6.76
265302	 6.76
265468	 6.76
265634	 6.76
265800	 6.76
265966	 6.76
266132	 6.76
266298	 6.76
266464	 6.76
266630	 6.76
266796	 6.76
266962	 6.76
267128	 6.76
267294	 6.76
267460	 6.77
267626	 6.76
267792	 6.76
267958	 6.76
268124	 6.76
268290	 6.76
268456	 6.77
268622	 6.76
268788	 6.76
268954	 6.76
269120	 6.76
269286	 6.76
269452	 6.76
269618	 6.76
269784	 6.76
269950	 6.76
270116	 6.76
270282	 6.76
270448	 6.76
270614	 6.77
270780	 6.76
270946	 6.76
271112	 6.76
271278	 6.76
271444	 6.76
271610	 6.76
271776	 6.76
271942	 6.76
272108	 6.76
272274	 6.77
272440	 6.76
272606	 6.76
272772	 6.76
272938	 6.77
273104	 6.77
273270	 6.76
273436	 6.76
273602	 6.76
273768	 6.76
273934	 6.76
274100	 6.76
274266	 6.76
274432	 6.76
274598	 6.76
274764	 6.76
274930	 6.76
275096	 6.76
275262	 6.76
275428	 6.76
275594	 6.76
275760	 6.77
275926	 6.77
276092	 6.76
276258	 6.76
276424	 6.76
276590	 6.76
276756	 6.76
276922	 6.76
277088	 6.77
277254	 6.76
277420	 6.76
277586	 6.76
277752	 6.76
277918	 6.76
278084	 6.76
278250	 6.76
278416	 6.76
278582	 6.76
278748	 6.76
278914	 6.76
279080	 6.76
279246	 6.76
279412	 6.76
279578	 6.76
279744	 6.76
279910	 6.76
280076	 6.76
280242	 6.76
280408	 6.76
280574	 6.76
280740	 6.76
280906	 6.76
281072	 6.76
281238	 6.76
281404	 6.76
281570	 6.76
281736	 6.76
281902	 6.76
282068	 6.76
282234	 6.76
282400	 6.76
282566	 6.76
282732	 6.76
282898	 6.76
283064	 6.76
283230	 6.76
283396	 6.76
283562	 6.76
283728	 6.76
283894	 6.76
284060	 6.76
284226	 6.76
284392	 6.76
284558	 6.76
284724	 6.77
284890	 6.76
285056	 6.76
285222	 6.76
285388	 6.76
285554	 6.76
285720	 6.76
285886	 6.76
286052	 6.76
286218	 6.76
286384	 6.76
286550	 6.76
286716	 6.76
286882	 6.76
287048	 6.76
287214	 6.76
287380	 6.76
287546	 6.76
287712	 6.76
287878	 6.76
288044	 6.76
288210	 6.76
288376	 6.76
288542	 6.76
288708	 6.77
288874	 6.76
289040	 6.76
289206	 6.76
289372	 6.76
289538	 6.76
289704	 6.76
289870	 6.76
290036	 6.76
290202	 6.76
290368	 6.76
290534	 6.77
290700	 6.76
290866	 6.76
291032	 6.76
291198	 6.76
291364	 6.76
291530	 6.76
291696	 6.76
291862	 6.76
292028	 6.76
292194	 6.76
292360	 6.76
292526	 6.76
292692	 6.76
292858	 6.76
293024	 6.76
293190	 6.76
293356	 6.76
293522	 6.76
293688	 6.76
293854	 6.76
294020	 6.76
294186	 6.76
294352	 6.76
294518	 6.76
294684	 6.76
294850	 6.76
295016	 6.76
295182	 6.76
295348	 6.76
295514	 6.76
295680	 6.76
295846	 6.76
296012	 6.76
296178	 6.76
296344	 6.76
296510	 6.76
296676	 6.76
296842	 6.76
297008	 6.76
297174	 6.76
297340	 6.76
297506	 6.76
297672	 6.76
297838	 6.76
298004	 6.76
298170	 6.76
298336	 6.76
298502	 6.77
298668	 6.76
298834	 6.76
299000	 6.76
299166	 6.76
299332	 6.76
299498	 6.76
299664	 6.76
299830	 6.76
299996	 6.76
300162	 6.76
300328	 6.76
300494	 6.76
300660	 6.76
300826	 6.76
300992	 6.77
301158	 6.76
301324	 6.76
301490	 6.76
301656	 6.76
301822	 6.76
301988	 6.76
302154	 6.76
302320	 6.76
302486	 6.76
302652	 6.77
302818	 6.76
302984	 6.76
303150	 6.76
303316	 6.76
303482	 6.76
303648	 6.76
303814	 6.76
303980	 6.76
304146	 6.76
304312	 6.76
304478	 6.76
304644	 6.76
304810	 6.76
304976	 6.76
305142	 6.76
305308	 6.76
305474	 6.76
305640	 6.76
305806	 6.76
305972	 6.76
306138	 6.76
306304	 6.76
306470	 6.76
306636	 6.76
306802	 6.76
306968	 6.76
307134	 6.76
307300	 6.76
307466	 6.76
307632	 6.76
307798	 6.76
307964	 6.76
308130	 6.76
308296	 6.76
308462	 6.76
308628	 6.76
308794	 6.76
308960	 6.76
309126	 6.76
309292	 6.76
309458	 6.77
309624	 6.76
309790	 6.76
309956	 6.76
310122	 6.76
310288	 6.76
310454	 6.76
310620	 6.76
310786	 6.76
310952	 6.76
311118	 6.76
311284	 6.76
311450	 6.77
311616	 6.76
311782	 6.76
311948	 6.76
312114	 6.76
312280	 6.76
312446	 6.76
312612	 6.76
312778	 6.76
312944	 6.76
313110	 6.76
313276	 6.76
313442	 6.76
313608	 6.76
313774	 6.76
313940	 6.77
314106	 6.76
314272	 6.76
314438	 6.76
314604	 6.76
314770	 6.76
314936	 6.76
315102	 6.77
315268	 6.76
315434	 6.76
315600	 6.76
315766	 6.76
315932	 6.76
316098	 6.76
316264	 6.76
316430	 6.76
316596	 6.76
316762	 6.76
316928	 6.76
317094	 6.76
317260	 6.76
317426	 6.76
317592	 6.76
317758	 6.76
317924	 6.76
318090	 6.76
318256	 6.76
318422	 6.76
318588	 6.76
318754	 6.76
318920	 6.76
319086	 6.76
319252	 6.76
319418	 6.76
319584	 6.76
319750	 6.76
319916	 6.76
320082	 6.76
320248	 6.76
320414	 6.76
320580	 6.76
320746	 6.76
320912	 6.76
321078	 6.76
321244	 6.76
321410	 6.76
321576	 6.76
321742	 6.76
321908	 6.77
322074	 6.76
322240	 6.76
322406	 6.76
322572	 6.76
322738	 6.76
322904	 6.76
323070	 6.76
323236	 6.76
323402	 6.76
323568	 6.76
323734	 6.76
323900	 6.76
324066	 6.76
324232	 6.77
324398	 6.76
324564	 6.76
324730	 6.76
324896	 6.76
325062	 6.76
325228	 6.76
325394	 6.76
325560	 6.76
325726	 6.76
325892	 6.76
326058	 6.76
326224	 6.76
326390	 6.76
326556	 6.76
326722	 6.76
326888	 6.77
327054	 6.77
327220	 6.76
327386	 6.76
327552	 6.76
327718	 6.76
327884	 6.76
328050	 6.76
328216	 6.76
328382	 6.76
328548	 6.76
328714	 6.76
328880	 6.76
329046	 6.77
329212	 6.76
329378	 6.76
329544	 6.76
329710	 6.76
329876	 6.76
330042	 6.76
330208	 6.76
330374	 6.76
330540	 6.76
330706	 6.76
330872	 6.76
331038	 6.76
331204	 6.76
331370	 6.76
331536	 6.76
331702	 6.76
331868	 6.76
332034	 6.76
332200	 6.76
332366	 6.76
332532	 6.76
332698	 6.76
332864	 6.76
333030	 6.76
333196	 6.76
333362	 6.77
333528	 6.76
333694	 6.76
333860	 6.76
334026	 6.77
334192	 6.76
334358	 6.76
334524	 6.76
334690	 6.76
334856	 6.76
335022	 6.76
335188	 6.77
335354	 6.76
335520	 6.76
335686	 6.77
335852	 6.76
336018	 6.76
336184	 6.76
336350	 6.76
336516	 6.76
336682	 6.76
336848	 6.76
337014	 6.76
337180	 6.76
337346	 6.76
337512	 6.76
337678	 6.76
337844	 6.77
338010	 6.76
338176	 6.76
338342	 6.76
338508	 6.76
338674	 6.76
338840	 6.76
339006	 6.76
339172	 6.76
339338	 6.76
339504	 6.76
339670	 6.76
339836	 6.76
340002	 6.76
340168	 6.76
340334	 6.76
340500	 6.76
340666	 6.76
340832	 6.76
340998	 6.76
341164	 6.76
341330	 6.77
341496	 6.76
341662	 6.76
341828	 6.76
341994	 6.76
342160	 6.76
342326	 6.76
342492	 6.76
342658	 6.76
342824	 6.76
342990	 6.76
343156	 6.76
343322	 6.76
343488	 6.76
343654	 6.76
343820	 6.76
343986	 6.76
344152	 6.76
344318	 6.76
344484	 6.76
344650	 6.76
344816	 6.76
344982	 6.76
345148	 6.76
345314	 6.76
345480	 6.76
345646	 6.76
345812	 6.76
345978	 6.76
346144	 6.76
346310	 6.76
346476	 6.76
346642	 6.76
346808	 6.76
346974	 6.76
347140	 6.76
347306	 6.76
347472	 6.76
347638	 6.76
347804	 6.76
347970	 6.77
348136	 6.76
348302	 6.76
348468	 6.76
348634	 6.76
348800	 6.76
348966	 6.77
349132	 6.76
349298	 6.76
349464	 6.76
349630	 6.76
349796	 6.76
349962	 6.76
350128	 6.76
350294	 6.76
350460	 6.76
350626	 6.76
350792	 6.76
350958	 6.76
351124	 6.76
351290	 6.76
351456	 6.76
351622	 6.76
351788	 6.76
351954	 6.76
352120	 6.76
352286	 6.76
352452	 6.76
352618	 6.76
352784	 6.76
352950	 6.76
353116	 6.76
353282	 6.76
353448	 6.76
353614	 6.76
353780	 6.76
353946	 6.76
354112	 6.76
354278	 6.76
354444	 6.76
354610	 6.76
354776	 6.76
354942	 6.76
355108	 6.77
355274	 6.76
355440	 6.76
355606	 6.76
355772	 6.76
355938	 6.77
356104	 6.76
356270	 6.77
356436	 6.76
356602	 6.76
356768	 6.76
356934	 6.76
357100	 6.76
357266	 6.77
357432	 6.76
357598	 6.76
357764	 6.76
357930	 6.76
358096	 6.76
358262	 6.76
358428	 6.76
358594	 6.76
358760	 6.76
358926	 6.76
359092	 6.76
359258	 6.76
359424	 6.76
359590	 6.76
359756	 6.77
359922	 6.76
360088	 6.76
360254	 6.76
360420	 6.76
360586	 6.76
360752	 6.76
360918	 6.76
361084	 6.76
361250	 6.76
361416	 6.76
361582	 6.76
361748	 6.76
361914	 6.76
362080	 6.76
362246	 6.76
362412	 6.76
362578	 6.76
362744	 6.76
362910	 6.76
363076	 6.76
363242	 6.76
363408	 6.76
363574	 6.76
363740	 6.76
363906	 6.76
364072	 6.76
364238	 6.76
364404	 6.76
364570	 6.76
364736	 6.76
364902	 6.76
365068	 6.76
365234	 6.76
365400	 6.76
365566	 6.76
365732	 6.76
365898	 6.76
366064	 6.76
366230	 6.77
366396	 6.76
366562	 6.76
366728	 6.76
366894	 6.76
367060	 6.76
367226	 6.76
367392	 6.76
367558	 6.76
367724	 6.76
367890	 6.76
368056	 6.76
368222	 6.77
368388	 6.76
368554	 6.76
368720	 6.76
368886	 6.76
369052	 6.76
369218	 6.76
369384	 6.76
369550	 6.77
369716	 6.76
369882	 6.76
370048	 6.76
370214	 6.76
370380	 6.76
370546	 6.76
370712	 6.76
370878	 6.76
371044	 6.76
371210	 6.76
371376	 6.76
371542	 6.76
371708	 6.76
371874	 6.76
372040	 6.76
372206	 6.76
372372	 6.76
372538	 6.76
372704	 6.76
372870	 6.76
373036	 6.76
373202	 6.76
373368	 6.76
373534	 6.77
373700	 6.76
373866	 6.76
374032	 6.76
374198	 6.76
374364	 6.76
374530	 6.76
374696	 6.76
374862	 6.76
375028	 6.76
375194	 6.77
375360	 6.76
375526	 6.76
375692	 6.76
375858	 6.76
376024	 6.76
376190	 6.76
376356	 6.76
376522	 6.76
376688	 6.76
376854	 6.76
377020	 6.76
377186	 6.76
377352	 6.76
377518	 6.76
377684	 6.76
377850	 6.76
378016	 6.76
378182	 6.76
378348	 6.76
378514	 6.76
378680	 6.76
378846	 6.77
379012	 6.76
379178	 6.76
379344	 6.76
379510	 6.76
379676	 6.76
379842	 6.77
380008	 6.76
380174	 6.76
380340	 6.76
380506	 6.76
380672	 6.76
380838	 6.76
381004	 6.76
381170	 6.76
381336	 6.76
381502	 6.76
381668	 6.76
381834	 6.76
382000	 6.76
382166	 6.76
382332	 6.76
382498	 6.76
382664	 6.76
382830	 6.76
382996	 6.76
383162	 6.76
383328	 6.76
383494	 6.76
383660	 6.76
383826	 6.76
383992	 6.76
384158	 6.76
384324	 6.76
384490	 6.76
384656	 6.76
384822	 6.76
384988	 6.76
385154	 6.76
385320	 6.76
385486	 6.76
385652	 6.76
385818	 6.76
385984	 6.76
386150	 6.76
386316	 6.76
386482	 6.76
386648	 6.77
386814	 6.76
386980	 6.76
387146	 6.76
387312	 6.76
387478	 6.77
387644	 6.76
387810	 6.76
387976	 6.76
388142	 6.76
388308	 6.77
388474	 6.76
388640	 6.76
388806	 6.76
388972	 6.76
389138	 6.76
389304	 6.76
389470	 6.76
389636	 6.76
389802	 6.76
389968	 6.76
390134	 6.76
390300	 6.76
390466	 6.76
390632	 6.76
390798	 6.76
390964	 6.76
391130	 6.76
391296	 6.76
391462	 6.76
391628	 6.76
391794	 6.76
391960	 6.76
392126	 6.76
392292	 6.76
392458	 6.76
392624	 6.76
392790	 6.76
392956	 6.76
393122	 6.76
393288	 6.76
393454	 6.76
393620	 6.76
393786	 6.76
393952	 6.76
394118	 6.76
394284	 6.76
394450	 6.76
394616	 6.76
394782	 6.76
394948	 6.76
395114	 6.76
395280	 6.76
395446	 6.76
395612	 6.76
395778	 6.76
395944	 6.76
396110	 6.76
396276	 6.76
396442	 6.76
396608	 6.76
396774	 6.76
396940	 6.76
397106	 6.76
397272	 6.76
397438	 6.76
397604	 6.77
397770	 6.76
397936	 6.76
398102	 6.76
398268	 6.76
398434	 6.76
398600	 6.76
398766	 6.76
398932	 6.76
399098	 6.76
399264	 6.76
399430	 6.76
399596	 6.76
399762	 6.76
399928	 6.76
400094	 6.76
400260	 6.76
400426	 6.76
400592	 6.76
400758	 6.76
400924	 6.76
401090	 6.76
401256	 6.76
401422	 6.76
401588	 6.76
401754	 6.76
401920	 6.76
402086	 6.76
402252	 6.76
402418	 6.76
402584	 6.76
402750	 6.76
402916	 6.76
403082	 6.76
403248	 6.76
403414	 6.76
403580	 6.76
403746	 6.76
403912	 6.76
404078	 6.76
404244	 6.76
404410	 6.76
404576	 6.76
404742	 6.76
404908	 6.76
405074	 6.77
405240	 6.76
405406	 6.76
405572	 6.77
405738	 6.76
405904	 6.76
406070	 6.76
406236	 6.76
406402	 6.76
406568	 6.76
406734	 6.76
406900	 6.76
407066	 6.76
407232	 6.76
407398	 6.76
407564	 6.76
407730	 6.76
407896	 6.76
408062	 6.76
408228	 6.76
408394	 6.77
408560	 6.76
408726	 6.76
408892	 6.76
409058	 6.76
409224	 6.76
409390	 6.76
409556	 6.76
409722	 6.76
409888	 6.76
410054	 6.76
410220	 6.76
410386	 6.76
410552	 6.76
410718	 6.76
410884	 6.76
411050	 6.76
411216	 6.76
411382	 6.76
411548	 6.76
411714	 6.76
411880	 6.76
412046	 6.76
412212	 6.76
412378	 6.76
412544	 6.76
412710	 6.76
412876	 6.76
413042	 6.76
413208	 6.76
413374	 6.76
413540	 6.77
413706	 6.76
413872	 6.76
414038	 6.76
414204	 6.76
414370	 6.76
414536	 6.76
414702	 6.76
414868	 6.76
415034	 6.76
415200	 6.76
415366	 6.76
415532	 6.76
415698	 6.76
415864	 6.76
416030	 6.76
416196	 6.76
416362	 6.76
416528	 6.76
416694	 6.76
416860	 6.76
417026	 6.76
417192	 6.76
417358	 6.76
417524	 6.77
417690	 6.76
417856	 6.76
418022	 6.76
418188	 6.76
418354	 6.76
418520	 6.76
418686	 6.76
418852	 6.76
419018	 6.76
419184	 6.76
419350	 6.76
419516	 6.76
419682	 6.76
419848	 6.77
420014	 6.76
420180	 6.76
420346	 6.76
420512	 6.76
420678	 6.76
420844	 6.76
421010	 6.76
421176	 6.76
421342	 6.76
421508	 6.76
421674	 6.76
421840	 6.76
422006	 6.76
422172	 6.76
422338	 6.76
422504	 6.76
422670	 6.76
422836	 6.76
423002	 6.76
423168	 6.77
423334	 6.76
423500	 6.76
423666	 6.76
423832	 6.76
423998	 6.76
424164	 6.76
424330	 6.76
424496	 6.76
424662	 6.76
424828	 6.76
424994	 6.76
425160	 6.76
425326	 6.76
425492	 6.76
425658	 6.76
425824	 6.76
425990	 6.76
426156	 6.77
426322	 6.76
426488	 6.76
426654	 6.76
426820	 6.76
426986	 6.76
427152	 6.76
427318	 6.76
427484	 6.76
427650	 6.76
427816	 6.76
427982	 6.76
428148	 6.76
428314	 6.76
428480	 6.76
428646	 6.76
428812	 6.76
428978	 6.76
429144	 6.76
429310	 6.76
429476	 6.76
429642	 6.76
429808	 6.76
429974	 6.76
430140	 6.76
430306	 6.76
430472	 6.76
430638	 6.76
430804	 6.76
430970	 6.77
431136	 6.76
431302	 6.76
431468	 6.76
431634	 6.76
431800	 6.76
431966	 6.76
432132	 6.76
432298	 6.76
432464	 6.77
432630	 6.76
432796	 6.76
432962	 6.76
433128	 6.76
433294	 6.76
433460	 6.76
433626	 6.76
433792	 6.76
433958	 6.76
434124	 6.76
434290	 6.77
434456	 6.76
434622	 6.76
434788	 6.76
434954	 6.76
435120	 6.76
435286	 6.76
435452	 6.76
435618	 6.76
435784	 6.76
435950	 6.76
436116	 6.76
436282	 6.76
436448	 6.76
436614	 6.76
436780	 6.76
436946	 6.76
437112	 6.76
437278	 6.76
437444	 6.76
437610	 6.76
437776	 6.76
437942	 6.76
438108	 6.76
438274	 6.76
438440	 6.76
438606	 6.76
438772	 6.76
438938	 6.76
439104	 6.76
439270	 6.76
439436	 6.76
439602	 6.76
439768	 6.76
439934	 6.77
440100	 6.76
440266	 6.76
440432	 6.76
440598	 6.76
440764	 6.76
440930	 6.76
441096	 6.76
441262	 6.76
441428	 6.76
441594	 6.76
441760	 6.77
441926	 6.76
442092	 6.76
442258	 6.76
442424	 6.76
442590	 6.76
442756	 6.76
442922	 6.76
443088	 6.76
443254	 6.76
443420	 6.76
443586	 6.76
443752	 6.77
443918	 6.76
444084	 6.76
444250	 6.76
444416	 6.76
444582	 6.76
444748	 6.76
444914	 6.76
445080	 6.76
445246	 6.76
445412	 6.76
445578	 6.76
445744	 6.76
445910	 6.76
446076	 6.76
446242	 6.76
446408	 6.76
446574	 6.76
446740	 6.76
446906	 6.76
447072	 6.76
447238	 6.76
447404	 6.76
447570	 6.76
447736	 6.76
447902	 6.76
448068	 6.76
448234	 6.76
448400	 6.76
448566	 6.76
448732	 6.76
448898	 6.76
449064	 6.76
449230	 6.76
449396	 6.76
449562	 6.76
449728	 6.76
449894	 6.76
450060	 6.76
450226	 6.76
450392	 6.76
450558	 6.76
450724	 6.76
450890	 6.76
451056	 6.76
451222	 6.76
451388	 6.76
451554	 6.76
451720	 6.77
451886	 6.76
452052	 6.76
452218	 6.76
452384	 6.76
452550	 6.76
452716	 6.76
452882	 6.76
453048	 6.76
453214	 6.76
453380	 6.76
453546	 6.76
453712	 6.76
453878	 6.76
454044	 6.76
454210	 6.76
454376	 6.76
454542	 6.76
454708	 6.76
454874	 6.76
455040	 6.76
455206	 6.76
455372	 6.76
455538	 6.76
455704	 6.76
455870	 6.76
456036	 6.76
456202	 6.76
456368	 6.76
456534	 6.76
456700	 6.76
456866	 6.76
457032	 6.76
457198	 6.76
457364	 6.76
457530	 6.76
457696	 6.77
457862	 6.76
458028	 6.76
458194	 6.76
458360	 6.76
458526	 6.76
458692	 6.76
458858	 6.76
459024	 6.76
459190	 6.76
459356	 6.77
459522	 6.76
459688	 6.76
459854	 6.76
460020	 6.76
460186	 6.77
460352	 6.76
460518	 6.76
460684	 6.76
460850	 6.76
461016	 6.76
461182	 6.76
461348	 6.76
461514	 6.76
461680	 6.76
461846	 6.76
462012	 6.76
462178	 6.76
462344	 6.76
462510	 6.76
462676	 6.76
462842	 6.76
463008	 6.76
463174	 6.76
463340	 6.76
463506	 6.76
463672	 6.76
463838	 6.76
464004	 6.76
464170	 6.76
464336	 6.76
464502	 6.76
464668	 6.76
464834	 6.77
465000	 6.76
465166	 6.76
465332	 6.76
465498	 6.76
465664	 6.76
465830	 6.76
465996	 6.76
466162	 6.76
466328	 6.76
466494	 6.77
466660	 6.76
466826	 6.76
466992	 6.76
467158	 6.76
467324	 6.76
467490	 6.76
467656	 6.76
467822	 6.76
467988	 6.76
468154	 6.76
468320	 6.77
468486	 6.76
468652	 6.76
468818	 6.76
468984	 6.76
469150	 6.76
469316	 6.76
469482	 6.76
469648	 6.76
469814	 6.76
469980	 6.76
470146	 6.76
470312	 6.76
470478	 6.76
470644	 6.76
470810	 6.76
470976	 6.76
471142	 6.76
471308	 6.76
471474	 6.76
471640	 6.76
471806	 6.76
471972	 6.76
472138	 6.76
472304	 6.76
472470	 6.76
472636	 6.76
472802	 6.76
472968	 6.76
473134	 6.76
473300	 6.76
473466	 6.76
473632	 6.76
473798	 6.76
473964	 6.76
474130	 6.76
474296	 6.76
474462	 6.76
474628	 6.76
474794	 6.76
474960	 6.76
475126	 6.76
475292	 6.76
475458	 6.76
475624	 6.76
475790	 6.76
475956	 6.77
476122	 6.76
476288	 6.76
476454	 6.76
476620	 6.76
476786	 6.76
476952	 6.76
477118	 6.76
477284	 6.76
477450	 6.76
477616	 6.76
477782	 6.76
477948	 6.76
478114	 6.76
478280	 6.76
478446	 6.76
478612	 6.76
478778	 6.76
478944	 6.76
479110	 6.76
479276	 6.76
479442	 6.76
479608	 6.76
479774	 6.76
479940	 6.76
480106	 6.76
480272	 6.76
480438	 6.76
480604	 6.76
480770	 6.76
480936	 6.76
481102	 6.76
481268	 6.76
481434	 6.76
481600	 6.76
481766	 6.76
481932	 6.76
482098	 6.76
482264	 6.76
482430	 6.76
482596	 6.76
482762	 6.76
482928	 6.76
483094	 6.76
483260	 6.77
483426	 6.76
483592	 6.76
483758	 6.76
483924	 6.76
484090	 6.76
484256	 6.76
484422	 6.76
484588	 6.76
484754	 6.76
484920	 6.76
485086	 6.76
485252	 6.76
485418	 6.76
485584	 6.76
485750	 6.76
485916	 6.76
486082	 6.76
486248	 6.76
486414	 6.76
486580	 6.76
486746	 6.76
486912	 6.76
487078	 6.76
487244	 6.76
487410	 6.76
487576	 6.76
487742	 6.76
487908	 6.76
488074	 6.76
488240	 6.76
488406	 6.77
488572	 6.76
488738	 6.76
488904	 6.76
489070	 6.76
489236	 6.76
489402	 6.76
489568	 6.76
489734	 6.76
489900	 6.76
490066	 6.76
490232	 6.76
490398	 6.76
490564	 6.76
490730	 6.76
490896	 6.76
491062	 6.76
491228	 6.76
491394	 6.76
491560	 6.76
491726	 6.77
491892	 6.76
492058	 6.76
492224	 6.76
492390	 6.76
492556	 6.76
492722	 6.76
492888	 6.76
493054	 6.76
493220	 6.77
493386	 6.76
493552	 6.76
493718	 6.76
493884	 6.76
494050	 6.76
494216	 6.76
494382	 6.76
494548	 6.76
494714	 6.76
494880	 6.76
495046	 6.76
495212	 6.76
495378	 6.76
495544	 6.76
495710	 6.76
495876	 6.76
496042	 6.76
496208	 6.76
496374	 6.76
496540	 6.77
496706	 6.76
496872	 6.76
497038	 6.76
497204	 6.76
497370	 6.76
497536	 6.76
497702	 6.76
497868	 6.76
498034	 6.76
