200	 6.72
366	 6.70
532	 6.88
698	 6.85
864	 6.74
1030	 6.68
1196	 6.76
1362	 6.80
1528	 6.81
1694	 6.75
1860	 6.80
2026	 6.72
2192	 6.70
2358	 6.82
2524	 6.71
2690	 6.79
2856	 6.80
3022	 6.74
3188	 6.79
3354	 6.71
3520	 6.76
3686	 6.77
3852	 6.74
4018	 6.72
4184	 6.77
4350	 6.70
4516	 6.74
4682	 6.76
4848	 6.78
5014	 6.66
5180	 6.79
5346	 6.73
5512	 6.75
5678	 6.78
5844	 6.74
6010	 6.72
6176	 6.74
6342	 6.74
6508	 6.79
6674	 6.80
6840	 6.74
7006	 6.73
7172	 6.76
7338	 6.80
7504	 6.72
7670	 6.74
7836	 6.75
8002	 6.75
8168	 6.70
8334	 6.75
8500	 6.75
8666	 6.76
8832	 6.71
8998	 6.72
9164	 6.76
9330	 6.77
9496	 6.76
9662	 6.74
9828	 6.75
9994	 6.79
10160	 6.74
10326	 6.73
10492	 6.74
10658	 6.74
10824	 6.71
10990	 6.79
11156	 6.74
11322	 6.73
11488	 6.72
11654	 6.75
11820	 6.68
11986	 6.77
12152	 6.73
12318	 6.69
12484	 6.75
12650	 6.79
12816	 6.75
12982	 6.74
13148	 6.73
13314	 6.77
13480	 6.74
13646	 6.76
13812	 6.75
13978	 6.73
14144	 6.75
14310	 6.80
14476	 6.76
14642	 6.73
14808	 6.74
14974	 6.76
15140	 6.77
15306	 6.73
15472	 6.76
15638	 6.74
15804	 6.73
15970	 6.73
16136	 6.76
16302	 6.75
16468	 6.74
16634	 6.77
16800	 6.74
16966	 6.72
17132	 6.74
17298	 6.77
17464	 6.74
17630	 6.74
17796	 6.74
17962	 6.76
18128	 6.76
18294	 6.77
18460	 6.76
18626	 6.74
18792	 6.74
18958	 6.77
19124	 6.73
19290	 6.77
19456	 6.74
19622	 6.76
19788	 6.75
19954	 6.72
20120	 6.76
20286	 6.74
20452	 6.74
20618	 6.76
20784	 6.75
20950	 6.76
21116	 6.75
21282	 6.76
21448	 6.74
21614	 6.75
21780	 6.75
21946	 6.75
22112	 6.74
22278	 6.73
22444	 6.73
22610	 6.74
22776	 6.78
22942	 6.76
23108	 6.77
23274	 6.74
23440	 6.75
23606	 6.75
23772	 6.77
23938	 6.75
24104	 6.73
24270	 6.76
24436	 6.75
24602	 6.76
24768	 6.73
24934	 6.73
25100	 6.75
25266	 6.73
25432	 6.75
25598	 6.76
25764	 6.74
25930	 6.75
26096	 6.74
26262	 6.78
26428	 6.73
26594	 6.75
26760	 6.76
26926	 6.77
27092	 6.75
27258	 6.75
27424	 6.73
27590	 6.76
27756	 6.77
27922	 6.76
28088	 6.76
28254	 6.75
28420	 6.75
28586	 6.75
28752	 6.77
28918	 6.76
29084	 6.76
29250	 6.76
29416	 6.75
29582	 6.77
29748	 6.77
29914	 6.75
30080	 6.75
30246	 6.71
30412	 6.73
30578	 6.76
30744	 6.74
30910	 6.76
31076	 6.75
31242	 6.74
31408	 6.77
31574	 6.75
31740	 6.75
31906	 6.72
32072	 6.74
32238	 6.76
32404	 6.75
32570	 6.73
32736	 6.75
32902	 6.73
33068	 6.76
33234	 6.73
33400	 6.74
33566	 6.76
33732	 6.76
33898	 6.77
34064	 6.75
34230	 6.75
34396	 6.76
34562	 6.76
34728	 6.77
34894	 6.76
35060	 6.75
35226	 6.75
35392	 6.74
35558	 6.75
35724	 6.75
35890	 6.75
36056	 6.75
36222	 6.76
36388	 6.76
36554	 6.77
36720	 6.75
36886	 6.74
37052	 6.75
37218	 6.75
37384	 6.77
37550	 6.76
37716	 6.75
37882	 6.75
38048	 6.74
38214	 6.75
38380	 6.76
38546	 6.74
38712	 6.76
38878	 6.74
39044	 6.75
39210	 6.76
39376	 6.75
39542	 6.75
39708	 6.75
39874	 6.74
40040	 6.75
40206	 6.73
40372	 6.74
40538	 6.76
40704	 6.74
40870	 6.76
41036	 6.73
41202	 6.77
41368	 6.75
41534	 6.77
41700	 6.74
41866	 6.75
42032	 6.75
42198	 6.73
42364	 6.75
42530	 6.73
42696	 6.75
42862	 6.77
43028	 6.77
43194	 6.76
43360	 6.77
43526	 6.73
43692	 6.76
43858	 6.75
44024	 6.75
44190	 6.75
44356	 6.74
44522	 6.75
44688	 6.75
44854	 6.75
45020	 6.75
45186	 6.75
45352	 6.75
45518	 6.77
45684	 6.74
45850	 6.75
46016	 6.74
46182	 6.76
46348	 6.74
46514	 6.75
46680	 6.77
46846	 6.75
47012	 6.75
47178	 6.75
47344	 6.75
47510	 6.76
47676	 6.76
47842	 6.75
48008	 6.75
48174	 6.74
48340	 6.73
48506	 6.74
48672	 6.75
48838	 6.75
49004	 6.76
49170	 6.74
49336	 6.73
49502	 6.73
49668	 6.75
49834	 6.76
50000	 6.74
50166	 6.74
50332	 6.76
50498	 6.77
50664	 6.75
50830	 6.77
50996	 6.75
51162	 6.74
51328	 6.76
51494	 6.76
51660	 6.75
51826	 6.75
51992	 6.76
52158	 6.76
52324	 6.77
52490	 6.76
52656	 6.75
52822	 6.77
52988	 6.76
53154	 6.77
53320	 6.74
53486	 6.77
53652	 6.76
53818	 6.74
53984	 6.74
54150	 6.75
54316	 6.76
54482	 6.76
54648	 6.76
54814	 6.75
54980	 6.74
55146	 6.75
55312	 6.75
55478	 6.76
55644	 6.76
55810	 6.76
55976	 6.76
56142	 6.76
56308	 6.75
56474	 6.76
56640	 6.77
56806	 6.76
56972	 6.75
57138	 6.76
57304	 6.75
57470	 6.77
57636	 6.74
57802	 6.74
57968	 6.75
58134	 6.76
58300	 6.75
58466	 6.77
58632	 6.75
58798	 6.75
58964	 6.75
59130	 6.74
59296	 6.75
59462	 6.74
59628	 6.76
59794	 6.76
59960	 6.77
60126	 6.75
60292	 6.75
60458	 6.75
60624	 6.74
60790	 6.74
60956	 6.76
61122	 6.73
61288	 6.75
61454	 6.76
61620	 6.75
61786	 6.75
61952	 6.75
62118	 6.75
62284	 6.76
62450	 6.76
62616	 6.75
62782	 6.76
62948	 6.75
63114	 6.74
63280	 6.76
63446	 6.75
63612	 6.76
63778	 6.74
63944	 6.76
64110	 6.75
64276	 6.75
64442	 6.76
64608	 6.76
64774	 6.76
64940	 6.75
65106	 6.76
65272	 6.76
65438	 6.76
65604	 6.73
65770	 6.75
65936	 6.76
66102	 6.75
66268	 6.77
66434	 6.75
66600	 6.75
66766	 6.74
66932	 6.75
67098	 6.75
67264	 6.75
67430	 6.76
67596	 6.76
67762	 6.75
67928	 6.76
68094	 6.75
68260	 6.76
68426	 6.75
68592	 6.76
68758	 6.75
68924	 6.74
69090	 6.75
69256	 6.76
69422	 6.75
69588	 6.75
69754	 6.75
69920	 6.77
70086	 6.74
70252	 6.73
70418	 6.75
70584	 6.75
70750	 6.75
70916	 6.75
71082	 6.77
71248	 6.76
71414	 6.77
71580	 6.76
71746	 6.76
71912	 6.74
72078	 6.75
72244	 6.76
72410	 6.75
72576	 6.74
72742	 6.75
72908	 6.76
73074	 6.75
73240	 6.75
73406	 6.74
73572	 6.76
73738	 6.75
73904	 6.76
74070	 6.76
74236	 6.75
74402	 6.75
74568	 6.75
74734	 6.74
74900	 6.77
75066	 6.75
75232	 6.77
75398	 6.75
75564	 6.77
75730	 6.75
75896	 6.74
76062	 6.75
76228	 6.75
76394	 6.74
76560	 6.75
76726	 6.75
76892	 6.75
77058	 6.76
77224	 6.74
77390	 6.74
77556	 6.74
77722	 6.76
77888	 6.76
78054	 6.76
78220	 6.75
78386	 6.75
78552	 6.75
78718	 6.76
78884	 6.77
79050	 6.76
79216	 6.75
79382	 6.76
79548	 6.75
79714	 6.74
79880	 6.76
80046	 6.75
80212	 6.75
80378	 6.74
80544	 6.76
80710	 6.74
80876	 6.75
81042	 6.75
81208	 6.75
81374	 6.76
81540	 6.76
81706	 6.73
81872	 6.75
82038	 6.75
82204	 6.75
82370	 6.76
82536	 6.75
82702	 6.75
82868	 6.76
83034	 6.74
83200	 6.76
83366	 6.75
83532	 6.74
83698	 6.75
83864	 6.76
84030	 6.75
84196	 6.76
84362	 6.75
84528	 6.74
84694	 6.77
84860	 6.75
85026	 6.75
85192	 6.74
85358	 6.73
85524	 6.75
85690	 6.75
85856	 6.75
86022	 6.74
86188	 6.74
86354	 6.75
86520	 6.76
86686	 6.76
86852	 6.74
87018	 6.76
87184	 6.74
87350	 6.74
87516	 6.75
87682	 6.74
87848	 6.77
88014	 6.75
88180	 6.74
88346	 6.76
88512	 6.75
88678	 6.75
88844	 6.75
89010	 6.75
89176	 6.75
89342	 6.76
89508	 6.74
89674	 6.76
89840	 6.74
90006	 6.74
90172	 6.74
90338	 6.76
90504	 6.74
90670	 6.76
90836	 6.76
91002	 6.76
91168	 6.74
91334	 6.76
91500	 6.76
91666	 6.74
91832	 6.75
91998	 6.75
92164	 6.75
92330	 6.75
92496	 6.75
92662	 6.75
92828	 6.74
92994	 6.76
93160	 6.74
93326	 6.74
93492	 6.76
93658	 6.75
93824	 6.77
93990	 6.74
94156	 6.75
94322	 6.77
94488	 6.75
94654	 6.75
94820	 6.75
94986	 6.75
95152	 6.76
95318	 6.76
95484	 6.76
95650	 6.75
95816	 6.75
95982	 6.74
96148	 6.75
96314	 6.76
96480	 6.75
96646	 6.76
96812	 6.75
96978	 6.75
97144	 6.76
97310	 6.75
97476	 6.76
97642	 6.75
97808	 6.76
97974	 6.75
98140	 6.75
98306	 6.76
98472	 6.76
98638	 6.75
98804	 6.74
98970	 6.74
99136	 6.75
99302	 6.76
99468	 6.76
99634	 6.75
99800	 6.74
99966	 6.75
100132	 6.75
100298	 6.76
100464	 6.76
100630	 6.75
100796	 6.76
100962	 6.76
101128	 6.74
101294	 6.76
101460	 6.75
101626	 6.76
101792	 6.74
101958	 6.75
102124	 6.75
102290	 6.74
102456	 6.75
102622	 6.74
102788	 6.75
102954	 6.73
103120	 6.75
103286	 6.76
103452	 6.75
103618	 6.75
103784	 6.76
103950	 6.75
104116	 6.75
104282	 6.75
104448	 6.74
104614	 6.75
104780	 6.75
104946	 6.75
105112	 6.73
105278	 6.75
105444	 6.73
105610	 6.75
105776	 6.76
105942	 6.76
106108	 6.76
106274	 6.75
106440	 6.75
106606	 6.76
106772	 6.75
106938	 6.75
107104	 6.76
107270	 6.75
107436	 6.75
107602	 6.75
107768	 6.76
107934	 6.76
108100	 6.75
108266	 6.74
108432	 6.76
108598	 6.75
108764	 6.76
108930	 6.75
109096	 6.75
109262	 6.75
109428	 6.75
109594	 6.75
109760	 6.75
109926	 6.74
110092	 6.75
110258	 6.76
110424	 6.77
110590	 6.76
110756	 6.76
110922	 6.76
111088	 6.76
111254	 6.75
111420	 6.75
111586	 6.75
111752	 6.74
111918	 6.74
112084	 6.75
112250	 6.75
112416	 6.75
112582	 6.76
112748	 6.76
112914	 6.76
113080	 6.74
113246	 6.75
113412	 6.76
113578	 6.75
113744	 6.75
113910	 6.75
114076	 6.74
114242	 6.75
114408	 6.76
114574	 6.75
114740	 6.76
114906	 6.74
115072	 6.77
115238	 6.75
115404	 6.74
115570	 6.75
115736	 6.76
115902	 6.76
116068	 6.76
116234	 6.75
116400	 6.75
116566	 6.74
116732	 6.75
116898	 6.76
117064	 6.75
117230	 6.75
117396	 6.75
117562	 6.75
117728	 6.74
117894	 6.75
118060	 6.74
118226	 6.74
118392	 6.74
118558	 6.76
118724	 6.75
118890	 6.77
119056	 6.76
119222	 6.76
119388	 6.75
119554	 6.77
119720	 6.75
119886	 6.75
120052	 6.75
120218	 6.77
120384	 6.76
120550	 6.75
120716	 6.76
120882	 6.75
121048	 6.75
121214	 6.75
121380	 6.75
121546	 6.76
121712	 6.74
121878	 6.75
122044	 6.76
122210	 6.76
122376	 6.75
122542	 6.73
122708	 6.74
122874	 6.75
123040	 6.76
123206	 6.75
123372	 6.77
123538	 6.77
123704	 6.75
123870	 6.75
124036	 6.76
124202	 6.76
124368	 6.76
124534	 6.75
124700	 6.76
124866	 6.74
125032	 6.77
125198	 6.74
125364	 6.74
125530	 6.76
125696	 6.76
125862	 6.74
126028	 6.75
126194	 6.76
126360	 6.76
126526	 6.75
126692	 6.75
126858	 6.75
127024	 6.76
127190	 6.76
127356	 6.75
127522	 6.75
127688	 6.75
127854	 6.75
128020	 6.75
128186	 6.76
128352	 6.75
128518	 6.75
128684	 6.75
128850	 6.76
129016	 6.75
129182	 6.76
129348	 6.75
129514	 6.75
129680	 6.77
129846	 6.76
130012	 6.74
130178	 6.75
130344	 6.75
130510	 6.76
130676	 6.75
130842	 6.74
131008	 6.75
131174	 6.76
131340	 6.75
131506	 6.75
131672	 6.75
131838	 6.75
132004	 6.74
132170	 6.74
132336	 6.76
132502	 6.76
132668	 6.76
132834	 6.75
133000	 6.75
133166	 6.75
133332	 6.75
133498	 6.76
133664	 6.76
133830	 6.77
133996	 6.75
134162	 6.77
134328	 6.75
134494	 6.75
134660	 6.76
134826	 6.75
134992	 6.76
135158	 6.75
135324	 6.75
135490	 6.77
135656	 6.76
135822	 6.74
135988	 6.76
136154	 6.75
136320	 6.75
136486	 6.75
136652	 6.75
136818	 6.74
136984	 6.75
137150	 6.74
137316	 6.76
137482	 6.75
137648	 6.75
137814	 6.76
137980	 6.76
138146	 6.76
138312	 6.75
138478	 6.75
138644	 6.75
138810	 6.75
138976	 6.74
139142	 6.74
139308	 6.76
139474	 6.75
139640	 6.75
139806	 6.74
139972	 6.76
140138	 6.75
140304	 6.76
140470	 6.75
140636	 6.75
140802	 6.75
140968	 6.74
141134	 6.74
141300	 6.76
141466	 6.74
141632	 6.75
141798	 6.76
141964	 6.76
142130	 6.75
142296	 6.76
142462	 6.75
142628	 6.76
142794	 6.76
142960	 6.75
143126	 6.75
143292	 6.76
143458	 6.75
143624	 6.74
143790	 6.75
143956	 6.75
144122	 6.75
144288	 6.75
144454	 6.74
144620	 6.75
144786	 6.75
144952	 6.75
145118	 6.76
145284	 6.76
145450	 6.75
145616	 6.76
145782	 6.76
145948	 6.75
146114	 6.75
146280	 6.76
146446	 6.75
146612	 6.75
146778	 6.74
146944	 6.75
147110	 6.75
147276	 6.75
147442	 6.75
147608	 6.76
147774	 6.75
147940	 6.75
148106	 6.75
148272	 6.75
148438	 6.75
148604	 6.75
148770	 6.76
148936	 6.74
149102	 6.75
149268	 6.75
149434	 6.75
149600	 6.75
149766	 6.75
149932	 6.76
150098	 6.75
150264	 6.76
150430	 6.76
150596	 6.74
150762	 6.74
150928	 6.75
151094	 6.76
151260	 6.76
151426	 6.75
151592	 6.75
151758	 6.75
151924	 6.75
152090	 6.75
152256	 6.76
152422	 6.75
152588	 6.77
152754	 6.76
152920	 6.76
153086	 6.76
153252	 6.75
153418	 6.75
153584	 6.76
153750	 6.75
153916	 6.75
154082	 6.75
154248	 6.76
154414	 6.76
154580	 6.75
154746	 6.75
154912	 6.74
155078	 6.75
155244	 6.75
155410	 6.76
155576	 6.75
155742	 6.76
155908	 6.75
156074	 6.75
156240	 6.75
156406	 6.74
156572	 6.75
156738	 6.74
156904	 6.74
157070	 6.75
157236	 6.76
157402	 6.76
157568	 6.76
157734	 6.75
157900	 6.75
158066	 6.75
158232	 6.75
158398	 6.76
158564	 6.75
158730	 6.75
158896	 6.75
159062	 6.75
159228	 6.75
159394	 6.75
159560	 6.76
159726	 6.75
159892	 6.75
160058	 6.75
160224	 6.77
160390	 6.76
160556	 6.75
160722	 6.75
160888	 6.74
161054	 6.75
161220	 6.76
161386	 6.75
161552	 6.74
161718	 6.75
161884	 6.75
162050	 6.75
162216	 6.75
162382	 6.76
162548	 6.75
162714	 6.75
162880	 6.75
163046	 6.75
163212	 6.76
163378	 6.75
163544	 6.75
163710	 6.75
163876	 6.74
164042	 6.74
164208	 6.76
164374	 6.74
164540	 6.75
164706	 6.75
164872	 6.75
165038	 6.75
165204	 6.76
165370	 6.75
165536	 6.75
165702	 6.75
165868	 6.76
166034	 6.75
166200	 6.74
166366	 6.75
166532	 6.75
166698	 6.75
166864	 6.74
167030	 6.75
167196	 6.74
167362	 6.74
167528	 6.76
167694	 6.74
167860	 6.75
168026	 6.75
168192	 6.75
168358	 6.76
168524	 6.76
168690	 6.76
168856	 6.75
169022	 6.75
169188	 6.75
169354	 6.75
169520	 6.75
169686	 6.75
169852	 6.75
170018	 6.77
170184	 6.75
170350	 6.75
170516	 6.75
170682	 6.75
170848	 6.75
171014	 6.75
171180	 6.75
171346	 6.76
171512	 6.75
171678	 6.76
171844	 6.74
172010	 6.75
172176	 6.75
172342	 6.75
172508	 6.75
172674	 6.75
172840	 6.75
173006	 6.76
173172	 6.76
173338	 6.74
173504	 6.75
173670	 6.75
173836	 6.75
174002	 6.76
174168	 6.75
174334	 6.74
174500	 6.75
174666	 6.75
174832	 6.74
174998	 6.75
175164	 6.74
175330	 6.76
175496	 6.76
175662	 6.75
175828	 6.76
175994	 6.75
176160	 6.76
176326	 6.75
176492	 6.75
176658	 6.75
176824	 6.74
176990	 6.74
177156	 6.75
177322	 6.74
177488	 6.76
177654	 6.75
177820	 6.75
177986	 6.75
178152	 6.75
178318	 6.75
178484	 6.77
178650	 6.75
178816	 6.75
178982	 6.75
179148	 6.75
179314	 6.76
179480	 6.75
179646	 6.76
179812	 6.75
179978	 6.75
180144	 6.74
180310	 6.74
180476	 6.76
180642	 6.76
180808	 6.75
180974	 6.75
181140	 6.75
181306	 6.75
181472	 6.76
181638	 6.76
181804	 6.76
181970	 6.74
182136	 6.74
182302	 6.75
182468	 6.75
182634	 6.76
182800	 6.76
182966	 6.76
183132	 6.75
183298	 6.76
183464	 6.76
183630	 6.75
183796	 6.75
183962	 6.76
184128	 6.76
184294	 6.75
184460	 6.74
184626	 6.75
184792	 6.76
184958	 6.76
185124	 6.76
185290	 6.75
185456	 6.76
185622	 6.76
185788	 6.75
185954	 6.75
186120	 6.74
186286	 6.76
186452	 6.76
186618	 6.76
186784	 6.75
186950	 6.75
187116	 6.76
187282	 6.75
187448	 6.75
187614	 6.74
187780	 6.76
187946	 6.75
188112	 6.75
188278	 6.75
188444	 6.76
188610	 6.75
188776	 6.75
188942	 6.75
189108	 6.75
189274	 6.74
189440	 6.75
189606	 6.75
189772	 6.76
189938	 6.76
190104	 6.76
190270	 6.76
190436	 6.75
190602	 6.76
190768	 6.76
190934	 6.75
191100	 6.75
191266	 6.75
191432	 6.74
191598	 6.76
191764	 6.75
191930	 6.76
192096	 6.75
192262	 6.74
192428	 6.75
192594	 6.75
192760	 6.74
192926	 6.75
193092	 6.75
193258	 6.75
193424	 6.76
193590	 6.76
193756	 6.76
193922	 6.75
194088	 6.75
194254	 6.75
194420	 6.74
194586	 6.75
194752	 6.75
194918	 6.76
195084	 6.75
195250	 6.75
195416	 6.75
195582	 6.76
195748	 6.76
195914	 6.75
196080	 6.75
196246	 6.75
196412	 6.75
196578	 6.75
196744	 6.76
196910	 6.75
197076	 6.76
197242	 6.75
197408	 6.76
197574	 6.75
197740	 6.76
197906	 6.75
198072	 6.75
198238	 6.75
198404	 6.75
198570	 6.75
198736	 6.75
198902	 6.75
199068	 6.75
199234	 6.75
199400	 6.75
199566	 6.75
199732	 6.75
199898	 6.75
200064	 6.74
200230	 6.76
200396	 6.74
200562	 6.75
200728	 6.75
200894	 6.76
201060	 6.75
201226	 6.75
201392	 6.75
201558	 6.75
201724	 6.76
201890	 6.76
202056	 6.75
202222	 6.75
202388	 6.75
202554	 6.75
202720	 6.76
202886	 6.75
203052	 6.75
203218	 6.74
203384	 6.76
203550	 6.75
203716	 6.75
203882	 6.76
204048	 6.75
204214	 6.75
204380	 6.75
204546	 6.75
204712	 6.75
204878	 6.75
205044	 6.75
205210	 6.75
205376	 6.75
205542	 6.75
205708	 6.76
205874	 6.75
206040	 6.75
206206	 6.75
206372	 6.76
206538	 6.76
206704	 6.75
206870	 6.75
207036	 6.76
207202	 6.75
207368	 6.75
207534	 6.75
207700	 6.75
207866	 6.75
208032	 6.75
208198	 6.75
208364	 6.75
208530	 6.75
208696	 6.77
208862	 6.75
209028	 6.75
209194	 6.74
209360	 6.76
209526	 6.75
209692	 6.75
209858	 6.75
210024	 6.75
210190	 6.75
210356	 6.75
210522	 6.75
210688	 6.75
210854	 6.75
211020	 6.75
211186	 6.75
211352	 6.75
211518	 6.75
211684	 6.75
211850	 6.75
212016	 6.75
212182	 6.76
212348	 6.75
212514	 6.76
212680	 6.75
212846	 6.75
213012	 6.76
213178	 6.75
213344	 6.75
213510	 6.76
213676	 6.75
213842	 6.75
214008	 6.76
214174	 6.75
214340	 6.75
214506	 6.75
214672	 6.75
214838	 6.74
215004	 6.76
215170	 6.75
215336	 6.75
215502	 6.76
215668	 6.75
215834	 6.75
216000	 6.74
216166	 6.76
216332	 6.75
216498	 6.75
216664	 6.75
216830	 6.75
216996	 6.74
217162	 6.75
217328	 6.76
217494	 6.75
217660	 6.74
217826	 6.75
217992	 6.76
218158	 6.75
218324	 6.75
218490	 6.74
218656	 6.75
218822	 6.75
218988	 6.75
219154	 6.75
219320	 6.76
219486	 6.75
219652	 6.75
219818	 6.75
219984	 6.75
220150	 6.74
220316	 6.76
220482	 6.75
220648	 6.76
220814	 6.75
220980	 6.75
221146	 6.76
221312	 6.75
221478	 6.76
221644	 6.77
221810	 6.76
221976	 6.75
222142	 6.75
222308	 6.75
222474	 6.75
222640	 6.76
222806	 6.76
222972	 6.76
223138	 6.75
223304	 6.75
223470	 6.75
223636	 6.76
223802	 6.75
223968	 6.75
224134	 6.75
224300	 6.76
224466	 6.75
224632	 6.75
224798	 6.75
224964	 6.76
225130	 6.76
225296	 6.75
225462	 6.75
225628	 6.75
225794	 6.75
225960	 6.74
226126	 6.75
226292	 6.75
226458	 6.75
226624	 6.76
226790	 6.76
226956	 6.75
227122	 6.75
227288	 6.75
227454	 6.76
227620	 6.75
227786	 6.75
227952	 6.76
228118	 6.75
228284	 6.75
228450	 6.75
228616	 6.75
228782	 6.75
228948	 6.75
229114	 6.75
229280	 6.75
229446	 6.75
229612	 6.75
229778	 6.75
229944	 6.74
230110	 6.75
230276	 6.75
230442	 6.76
230608	 6.75
230774	 6.76
230940	 6.75
231106	 6.75
231272	 6.75
231438	 6.74
231604	 6.75
231770	 6.75
231936	 6.75
232102	 6.77
232268	 6.75
232434	 6.76
232600	 6.75
232766	 6.75
232932	 6.76
233098	 6.75
233264	 6.75
233430	 6.76
233596	 6.75
233762	 6.76
233928	 6.75
234094	 6.75
234260	 6.75
234426	 6.75
234592	 6.76
234758	 6.75
234924	 6.74
235090	 6.75
235256	 6.75
235422	 6.75
235588	 6.76
235754	 6.76
235920	 6.76
236086	 6.75
236252	 6.75
236418	 6.76
236584	 6.75
236750	 6.74
236916	 6.75
237082	 6.75
237248	 6.75
237414	 6.76
237580	 6.75
237746	 6.75
237912	 6.75
238078	 6.75
238244	 6.74
238410	 6.75
238576	 6.75
238742	 6.75
238908	 6.74
239074	 6.75
239240	 6.76
239406	 6.76
239572	 6.75
239738	 6.75
239904	 6.75
240070	 6.76
240236	 6.75
240402	 6.76
240568	 6.76
240734	 6.75
240900	 6.75
241066	 6.76
241232	 6.75
241398	 6.76
241564	 6.75
241730	 6.75
241896	 6.75
242062	 6.75
242228	 6.75
242394	 6.74
242560	 6.75
242726	 6.75
242892	 6.75
243058	 6.75
243224	 6.75
243390	 6.75
243556	 6.75
243722	 6.75
243888	 6.76
244054	 6.74
244220	 6.74
244386	 6.75
244552	 6.76
244718	 6.75
244884	 6.75
245050	 6.75
245216	 6.75
245382	 6.75
245548	 6.75
245714	 6.75
245880	 6.76
246046	 6.75
246212	 6.75
246378	 6.75
246544	 6.76
246710	 6.75
246876	 6.74
247042	 6.75
247208	 6.75
247374	 6.76
247540	 6.75
247706	 6.76
247872	 6.76
248038	 6.75
248204	 6.75
248370	 6.76
248536	 6.76
248702	 6.76
248868	 6.75
249034	 6.76
249200	 6.75
249366	 6.75
249532	 6.75
249698	 6.75
249864	 6.75
250030	 6.76
250196	 6.75
250362	 6.75
250528	 6.76
250694	 6.76
250860	 6.75
251026	 6.75
251192	 6.74
251358	 6.75
251524	 6.76
251690	 6.75
251856	 6.75
252022	 6.75
252188	 6.75
252354	 6.76
252520	 6.75
252686	 6.75
252852	 6.75
253018	 6.75
253184	 6.75
253350	 6.75
253516	 6.76
253682	 6.75
253848	 6.75
254014	 6.75
254180	 6.74
254346	 6.76
254512	 6.76
254678	 6.76
254844	 6.75
255010	 6.75
255176	 6.75
255342	 6.76
255508	 6.75
255674	 6.75
255840	 6.75
256006	 6.75
256172	 6.75
256338	 6.75
256504	 6.75
256670	 6.74
256836	 6.75
257002	 6.74
257168	 6.76
257334	 6.75
257500	 6.75
257666	 6.75
257832	 6.75
257998	 6.75
258164	 6.75
258330	 6.74
258496	 6.76
258662	 6.75
258828	 6.75
258994	 6.75
259160	 6.75
259326	 6.75
259492	 6.75
259658	 6.75
259824	 6.76
259990	 6.75
260156	 6.76
260322	 6.75
260488	 6.75
260654	 6.76
260820	 6.76
260986	 6.75
261152	 6.75
261318	 6.75
261484	 6.75
261650	 6.75
261816	 6.75
261982	 6.75
262148	 6.75
262314	 6.76
262480	 6.75
262646	 6.75
262812	 6.75
262978	 6.75
263144	 6.75
263310	 6.75
263476	 6.75
263642	 6.75
263808	 6.75
263974	 6.74
264140	 6.75
264306	 6.76
264472	 6.75
264638	 6.75
264804	 6.75
264970	 6.75
265136	 6.75
265302	 6.75
265468	 6.76
265634	 6.74
265800	 6.75
265966	 6.75
266132	 6.76
266298	 6.76
266464	 6.75
266630	 6.75
266796	 6.75
266962	 6.75
267128	 6.75
267294	 6.75
267460	 6.75
267626	 6.75
267792	 6.75
267958	 6.76
268124	 6.75
268290	 6.76
268456	 6.75
268622	 6.75
268788	 6.75
268954	 6.75
269120	 6.75
269286	 6.75
269452	 6.74
269618	 6.76
269784	 6.76
269950	 6.76
270116	 6.75
270282	 6.76
270448	 6.76
270614	 6.76
270780	 6.75
270946	 6.75
271112	 6.76
271278	 6.75
271444	 6.75
271610	 6.76
271776	 6.76
271942	 6.76
272108	 6.75
272274	 6.76
272440	 6.76
272606	 6.74
272772	 6.75
272938	 6.75
273104	 6.76
273270	 6.74
273436	 6.76
273602	 6.75
273768	 6.75
273934	 6.76
274100	 6.75
274266	 6.76
274432	 6.75
274598	 6.76
274764	 6.75
274930	 6.75
275096	 6.75
275262	 6.75
275428	 6.75
275594	 6.75
275760	 6.75
275926	 6.75
276092	 6.76
276258	 6.75
276424	 6.76
276590	 6.76
276756	 6.76
276922	 6.75
277088	 6.76
277254	 6.75
277420	 6.76
277586	 6.75
277752	 6.75
277918	 6.75
278084	 6.75
278250	 6.75
278416	 6.76
278582	 6.76
278748	 6.76
278914	 6.75
279080	 6.75
279246	 6.74
279412	 6.75
279578	 6.75
279744	 6.76
279910	 6.75
280076	 6.75
280242	 6.75
280408	 6.74
280574	 6.75
280740	 6.76
280906	 6.75
281072	 6.76
281238	 6.75
281404	 6.75
281570	 6.74
281736	 6.75
281902	 6.75
282068	 6.75
282234	 6.75
282400	 6.76
282566	 6.76
282732	 6.75
282898	 6.75
283064	 6.75
283230	 6.75
283396	 6.75
283562	 6.75
283728	 6.75
283894	 6.75
284060	 6.76
284226	 6.75
284392	 6.75
284558	 6.75
284724	 6.75
284890	 6.75
285056	 6.75
285222	 6.74
285388	 6.76
285554	 6.75
285720	 6.75
285886	 6.75
286052	 6.75
286218	 6.76
286384	 6.76
286550	 6.75
286716	 6.75
286882	 6.75
287048	 6.75
287214	 6.75
287380	 6.75
287546	 6.75
287712	 6.76
287878	 6.76
288044	 6.75
288210	 6.74
288376	 6.75
288542	 6.74
288708	 6.76
288874	 6.76
289040	 6.75
289206	 6.75
289372	 6.75
289538	 6.75
289704	 6.75
289870	 6.75
290036	 6.75
290202	 6.75
290368	 6.77
290534	 6.75
290700	 6.74
290866	 6.75
291032	 6.75
291198	 6.76
291364	 6.75
291530	 6.76
291696	 6.75
291862	 6.75
292028	 6.76
292194	 6.75
292360	 6.74
292526	 6.75
292692	 6.75
292858	 6.75
293024	 6.75
293190	 6.75
293356	 6.75
293522	 6.75
293688	 6.74
293854	 6.75
294020	 6.75
294186	 6.75
294352	 6.75
294518	 6.74
294684	 6.75
294850	 6.76
295016	 6.76
295182	 6.75
295348	 6.75
295514	 6.75
295680	 6.75
295846	 6.76
296012	 6.75
296178	 6.75
296344	 6.75
296510	 6.75
296676	 6.75
296842	 6.75
297008	 6.75
297174	 6.75
297340	 6.75
297506	 6.75
297672	 6.75
297838	 6.75
298004	 6.75
298170	 6.76
298336	 6.74
298502	 6.75
298668	 6.75
298834	 6.75
299000	 6.75
299166	 6.76
299332	 6.75
299498	 6.75
299664	 6.75
299830	 6.74
299996	 6.75
300162	 6.75
300328	 6.75
300494	 6.75
300660	 6.75
300826	 6.76
300992	 6.75
301158	 6.75
301324	 6.75
301490	 6.76
301656	 6.75
301822	 6.74
301988	 6.76
302154	 6.76
302320	 6.75
302486	 6.75
302652	 6.76
302818	 6.75
302984	 6.74
303150	 6.75
303316	 6.76
303482	 6.75
303648	 6.76
303814	 6.75
303980	 6.76
304146	 6.76
304312	 6.75
304478	 6.75
304644	 6.76
304810	 6.76
304976	 6.76
305142	 6.75
305308	 6.74
305474	 6.75
305640	 6.76
305806	 6.76
305972	 6.75
306138	 6.75
306304	 6.75
306470	 6.76
306636	 6.75
306802	 6.76
306968	 6.75
307134	 6.75
307300	 6.74
307466	 6.75
307632	 6.76
307798	 6.76
307964	 6.76
308130	 6.75
308296	 6.76
308462	 6.75
308628	 6.75
308794	 6.75
308960	 6.75
309126	 6.74
309292	 6.75
309458	 6.75
309624	 6.75
309790	 6.75
309956	 6.76
310122	 6.75
310288	 6.75
310454	 6.75
310620	 6.75
310786	 6.76
310952	 6.75
311118	 6.75
311284	 6.76
311450	 6.75
311616	 6.75
311782	 6.75
311948	 6.76
312114	 6.75
312280	 6.75
312446	 6.75
312612	 6.76
312778	 6.75
312944	 6.76
313110	 6.75
313276	 6.75
313442	 6.75
313608	 6.75
313774	 6.75
313940	 6.75
314106	 6.75
314272	 6.75
314438	 6.75
314604	 6.75
314770	 6.75
314936	 6.75
315102	 6.75
315268	 6.75
315434	 6.75
315600	 6.75
315766	 6.76
315932	 6.75
316098	 6.75
316264	 6.75
316430	 6.75
316596	 6.75
316762	 6.75
316928	 6.75
317094	 6.75
317260	 6.75
317426	 6.75
317592	 6.75
317758	 6.75
317924	 6.75
318090	 6.75
318256	 6.75
318422	 6.75
318588	 6.75
318754	 6.75
318920	 6.75
319086	 6.75
319252	 6.75
319418	 6.75
319584	 6.76
319750	 6.75
319916	 6.75
320082	 6.75
320248	 6.75
320414	 6.75
320580	 6.75
320746	 6.75
320912	 6.75
321078	 6.75
321244	 6.75
321410	 6.75
321576	 6.75
321742	 6.75
321908	 6.76
322074	 6.75
322240	 6.75
322406	 6.75
322572	 6.75
322738	 6.75
322904	 6.75
323070	 6.75
323236	 6.76
323402	 6.75
323568	 6.75
323734	 6.75
323900	 6.75
324066	 6.75
324232	 6.75
324398	 6.75
324564	 6.76
324730	 6.75
324896	 6.75
325062	 6.75
325228	 6.75
325394	 6.75
325560	 6.75
325726	 6.75
325892	 6.76
326058	 6.74
326224	 6.75
326390	 6.75
326556	 6.76
326722	 6.75
326888	 6.75
327054	 6.75
327220	 6.75
327386	 6.75
327552	 6.76
327718	 6.75
327884	 6.76
328050	 6.76
328216	 6.76
328382	 6.75
328548	 6.76
328714	 6.75
328880	 6.76
329046	 6.76
329212	 6.75
329378	 6.75
329544	 6.75
329710	 6.75
329876	 6.76
330042	 6.76
330208	 6.75
330374	 6.75
330540	 6.76
330706	 6.75
330872	 6.75
331038	 6.75
331204	 6.75
331370	 6.75
331536	 6.75
331702	 6.76
331868	 6.75
332034	 6.76
332200	 6.76
332366	 6.75
332532	 6.75
332698	 6.75
332864	 6.75
333030	 6.75
333196	 6.75
333362	 6.75
333528	 6.75
333694	 6.75
333860	 6.74
334026	 6.75
334192	 6.76
334358	 6.76
334524	 6.75
334690	 6.76
334856	 6.75
335022	 6.75
335188	 6.75
335354	 6.76
335520	 6.75
335686	 6.76
335852	 6.76
336018	 6.75
336184	 6.75
336350	 6.75
336516	 6.75
336682	 6.75
336848	 6.75
337014	 6.75
337180	 6.75
337346	 6.74
337512	 6.75
337678	 6.75
337844	 6.76
338010	 6.76
338176	 6.75
338342	 6.75
338508	 6.75
338674	 6.74
338840	 6.75
339006	 6.75
339172	 6.75
339338	 6.75
339504	 6.75
339670	 6.74
339836	 6.75
340002	 6.75
340168	 6.75
340334	 6.75
340500	 6.76
340666	 6.75
340832	 6.75
340998	 6.76
341164	 6.75
341330	 6.75
341496	 6.75
341662	 6.75
341828	 6.76
341994	 6.75
342160	 6.75
342326	 6.75
342492	 6.75
342658	 6.75
342824	 6.75
342990	 6.75
343156	 6.75
343322	 6.75
343488	 6.75
343654	 6.75
343820	 6.75
343986	 6.75
344152	 6.76
344318	 6.75
344484	 6.75
344650	 6.75
344816	 6.75
344982	 6.75
345148	 6.75
345314	 6.75
345480	 6.75
345646	 6.75
345812	 6.75
345978	 6.74
346144	 6.76
346310	 6.76
346476	 6.76
346642	 6.75
346808	 6.75
346974	 6.76
347140	 6.76
347306	 6.75
347472	 6.75
347638	 6.75
347804	 6.75
347970	 6.75
348136	 6.75
348302	 6.75
348468	 6.76
348634	 6.75
348800	 6.75
348966	 6.75
349132	 6.76
349298	 6.75
349464	 6.75
349630	 6.75
349796	 6.76
349962	 6.75
350128	 6.75
350294	 6.75
350460	 6.75
350626	 6.76
350792	 6.75
350958	 6.75
351124	 6.75
351290	 6.76
351456	 6.75
351622	 6.75
351788	 6.75
351954	 6.75
352120	 6.75
352286	 6.75
352452	 6.75
352618	 6.75
352784	 6.75
352950	 6.75
353116	 6.75
353282	 6.75
353448	 6.75
353614	 6.75
353780	 6.75
353946	 6.75
354112	 6.75
354278	 6.76
354444	 6.75
354610	 6.75
354776	 6.75
354942	 6.75
355108	 6.75
355274	 6.75
355440	 6.76
355606	 6.75
355772	 6.76
355938	 6.75
356104	 6.75
356270	 6.75
356436	 6.75
356602	 6.75
356768	 6.76
356934	 6.75
357100	 6.75
357266	 6.75
357432	 6.75
357598	 6.75
357764	 6.75
357930	 6.75
358096	 6.74
358262	 6.74
358428	 6.76
358594	 6.75
358760	 6.75
358926	 6.75
359092	 6.75
359258	 6.75
359424	 6.75
359590	 6.74
359756	 6.76
359922	 6.76
360088	 6.75
360254	 6.75
360420	 6.75
360586	 6.75
360752	 6.75
360918	 6.75
361084	 6.75
361250	 6.75
361416	 6.76
361582	 6.75
361748	 6.75
361914	 6.75
362080	 6.75
362246	 6.75
362412	 6.76
362578	 6.76
362744	 6.75
362910	 6.76
363076	 6.75
363242	 6.75
363408	 6.75
363574	 6.75
363740	 6.75
363906	 6.76
364072	 6.76
364238	 6.76
364404	 6.75
364570	 6.75
364736	 6.75
364902	 6.76
365068	 6.75
365234	 6.76
365400	 6.75
365566	 6.76
365732	 6.75
365898	 6.76
366064	 6.75
366230	 6.75
366396	 6.75
366562	 6.75
366728	 6.75
366894	 6.75
367060	 6.75
367226	 6.76
367392	 6.76
367558	 6.76
367724	 6.76
367890	 6.76
368056	 6.75
368222	 6.76
368388	 6.75
368554	 6.75
368720	 6.75
368886	 6.75
369052	 6.75
369218	 6.76
369384	 6.75
369550	 6.75
369716	 6.75
369882	 6.75
370048	 6.75
370214	 6.75
370380	 6.75
370546	 6.75
370712	 6.76
370878	 6.76
371044	 6.75
371210	 6.75
371376	 6.75
371542	 6.75
371708	 6.75
371874	 6.76
372040	 6.76
372206	 6.75
372372	 6.76
372538	 6.75
372704	 6.75
372870	 6.75
373036	 6.75
373202	 6.75
373368	 6.75
373534	 6.75
373700	 6.75
373866	 6.75
374032	 6.75
374198	 6.75
374364	 6.75
374530	 6.75
374696	 6.75
374862	 6.76
375028	 6.76
375194	 6.75
375360	 6.75
375526	 6.75
375692	 6.75
375858	 6.75
376024	 6.76
376190	 6.76
376356	 6.75
376522	 6.74
376688	 6.75
376854	 6.76
377020	 6.75
377186	 6.75
377352	 6.75
377518	 6.75
377684	 6.75
377850	 6.75
378016	 6.76
378182	 6.75
378348	 6.75
378514	 6.75
378680	 6.75
378846	 6.75
379012	 6.75
379178	 6.75
379344	 6.75
379510	 6.75
379676	 6.75
379842	 6.75
380008	 6.75
380174	 6.76
380340	 6.75
380506	 6.75
380672	 6.75
380838	 6.75
381004	 6.74
381170	 6.75
381336	 6.75
381502	 6.75
381668	 6.76
381834	 6.75
382000	 6.75
382166	 6.75
382332	 6.76
382498	 6.75
382664	 6.75
382830	 6.76
382996	 6.75
383162	 6.74
383328	 6.75
383494	 6.75
383660	 6.76
383826	 6.75
383992	 6.75
384158	 6.75
384324	 6.75
384490	 6.75
384656	 6.75
384822	 6.76
384988	 6.75
385154	 6.75
385320	 6.75
385486	 6.74
385652	 6.75
385818	 6.75
385984	 6.75
386150	 6.76
386316	 6.75
386482	 6.75
386648	 6.76
386814	 6.75
386980	 6.75
387146	 6.76
387312	 6.75
387478	 6.76
387644	 6.75
387810	 6.74
387976	 6.75
388142	 6.76
388308	 6.76
388474	 6.75
388640	 6.76
388806	 6.75
388972	 6.75
389138	 6.76
389304	 6.76
389470	 6.76
389636	 6.75
389802	 6.75
389968	 6.76
390134	 6.75
390300	 6.75
390466	 6.75
390632	 6.75
390798	 6.76
390964	 6.75
391130	 6.75
391296	 6.75
391462	 6.75
391628	 6.76
391794	 6.75
391960	 6.75
392126	 6.75
392292	 6.75
392458	 6.75
392624	 6.74
392790	 6.75
392956	 6.74
393122	 6.75
393288	 6.76
393454	 6.75
393620	 6.75
393786	 6.75
393952	 6.76
394118	 6.75
394284	 6.75
394450	 6.75
394616	 6.75
394782	 6.75
394948	 6.75
395114	 6.76
395280	 6.75
395446	 6.75
395612	 6.75
395778	 6.75
395944	 6.75
396110	 6.75
396276	 6.75
396442	 6.75
396608	 6.75
396774	 6.75
396940	 6.75
397106	 6.75
397272	 6.75
397438	 6.76
397604	 6.75
397770	 6.75
397936	 6.76
398102	 6.75
398268	 6.75
398434	 6.75
398600	 6.75
398766	 6.75
398932	 6.75
399098	 6.75
399264	 6.75
399430	 6.75
399596	 6.75
399762	 6.75
399928	 6.75
400094	 6.75
400260	 6.75
400426	 6.75
400592	 6.75
400758	 6.76
400924	 6.76
401090	 6.75
401256	 6.75
401422	 6.75
401588	 6.75
401754	 6.75
401920	 6.75
402086	 6.75
402252	 6.75
402418	 6.75
402584	 6.75
402750	 6.75
402916	 6.76
403082	 6.75
403248	 6.75
403414	 6.75
403580	 6.75
403746	 6.76
403912	 6.75
404078	 6.75
404244	 6.75
404410	 6.75
404576	 6.76
404742	 6.75
404908	 6.75
405074	 6.75
405240	 6.75
405406	 6.75
405572	 6.75
405738	 6.75
405904	 6.75
406070	 6.75
406236	 6.75
406402	 6.75
406568	 6.76
406734	 6.75
406900	 6.75
407066	 6.75
407232	 6.75
407398	 6.75
407564	 6.75
407730	 6.75
407896	 6.77
408062	 6.75
408228	 6.75
408394	 6.76
408560	 6.76
408726	 6.75
408892	 6.75
409058	 6.75
409224	 6.76
409390	 6.76
409556	 6.75
409722	 6.76
409888	 6.75
410054	 6.75
410220	 6.75
410386	 6.75
410552	 6.75
410718	 6.76
410884	 6.75
411050	 6.76
411216	 6.75
411382	 6.75
411548	 6.75
411714	 6.75
411880	 6.75
412046	 6.75
412212	 6.75
412378	 6.75
412544	 6.75
412710	 6.76
412876	 6.76
413042	 6.76
413208	 6.75
413374	 6.75
413540	 6.76
413706	 6.75
413872	 6.76
414038	 6.75
414204	 6.75
414370	 6.76
414536	 6.75
414702	 6.75
414868	 6.75
415034	 6.75
415200	 6.74
415366	 6.75
415532	 6.75
415698	 6.76
415864	 6.75
416030	 6.75
416196	 6.75
416362	 6.75
416528	 6.75
416694	 6.75
416860	 6.75
417026	 6.75
417192	 6.75
417358	 6.75
417524	 6.75
417690	 6.75
417856	 6.75
418022	 6.75
418188	 6.76
418354	 6.75
418520	 6.75
418686	 6.75
418852	 6.76
419018	 6.75
419184	 6.75
419350	 6.75
419516	 6.75
419682	 6.75
419848	 6.75
420014	 6.75
420180	 6.75
420346	 6.76
420512	 6.75
420678	 6.75
420844	 6.75
421010	 6.75
421176	 6.75
421342	 6.75
421508	 6.75
421674	 6.75
421840	 6.75
422006	 6.75
422172	 6.74
422338	 6.75
422504	 6.76
422670	 6.76
422836	 6.75
423002	 6.76
423168	 6.76
423334	 6.75
423500	 6.75
423666	 6.75
423832	 6.75
423998	 6.75
424164	 6.75
424330	 6.76
424496	 6.75
424662	 6.75
424828	 6.75
424994	 6.75
425160	 6.75
425326	 6.76
425492	 6.75
425658	 6.75
425824	 6.75
425990	 6.76
426156	 6.75
426322	 6.75
426488	 6.75
426654	 6.76
426820	 6.75
426986	 6.75
427152	 6.75
427318	 6.75
427484	 6.75
427650	 6.75
427816	 6.75
427982	 6.74
428148	 6.75
428314	 6.75
428480	 6.75
428646	 6.75
428812	 6.75
428978	 6.75
429144	 6.76
429310	 6.75
429476	 6.75
429642	 6.75
429808	 6.75
429974	 6.75
430140	 6.75
430306	 6.75
430472	 6.75
430638	 6.75
430804	 6.75
430970	 6.75
431136	 6.75
431302	 6.75
431468	 6.75
431634	 6.75
431800	 6.75
431966	 6.75
432132	 6.75
432298	 6.75
432464	 6.75
432630	 6.75
432796	 6.75
432962	 6.75
433128	 6.75
433294	 6.75
433460	 6.75
433626	 6.76
433792	 6.76
433958	 6.75
434124	 6.75
434290	 6.75
434456	 6.75
434622	 6.75
434788	 6.76
434954	 6.75
435120	 6.75
435286	 6.75
435452	 6.75
435618	 6.74
435784	 6.75
435950	 6.76
436116	 6.75
436282	 6.76
436448	 6.75
436614	 6.75
436780	 6.76
436946	 6.75
437112	 6.76
437278	 6.76
437444	 6.75
437610	 6.75
437776	 6.75
437942	 6.76
438108	 6.75
438274	 6.75
438440	 6.76
438606	 6.76
438772	 6.75
438938	 6.76
439104	 6.75
439270	 6.75
439436	 6.75
439602	 6.75
439768	 6.75
439934	 6.75
440100	 6.76
440266	 6.76
440432	 6.75
440598	 6.75
440764	 6.76
440930	 6.75
441096	 6.75
441262	 6.75
441428	 6.76
441594	 6.75
441760	 6.75
441926	 6.75
442092	 6.75
442258	 6.75
442424	 6.75
442590	 6.75
442756	 6.76
442922	 6.75
443088	 6.75
443254	 6.75
443420	 6.75
443586	 6.75
443752	 6.76
443918	 6.75
444084	 6.75
444250	 6.75
444416	 6.75
444582	 6.75
444748	 6.75
444914	 6.75
445080	 6.75
445246	 6.75
445412	 6.75
445578	 6.75
445744	 6.76
445910	 6.75
446076	 6.75
446242	 6.76
446408	 6.75
446574	 6.75
446740	 6.75
446906	 6.75
447072	 6.75
447238	 6.76
447404	 6.75
447570	 6.75
447736	 6.74
447902	 6.76
448068	 6.75
448234	 6.75
448400	 6.75
448566	 6.75
448732	 6.75
448898	 6.76
449064	 6.74
449230	 6.75
449396	 6.75
449562	 6.75
449728	 6.75
449894	 6.75
450060	 6.75
450226	 6.75
450392	 6.75
450558	 6.75
450724	 6.76
450890	 6.75
451056	 6.75
451222	 6.75
451388	 6.75
451554	 6.75
451720	 6.75
451886	 6.76
452052	 6.75
452218	 6.75
452384	 6.75
452550	 6.76
452716	 6.75
452882	 6.75
453048	 6.75
453214	 6.75
453380	 6.75
453546	 6.75
453712	 6.75
453878	 6.75
454044	 6.75
454210	 6.75
454376	 6.75
454542	 6.75
454708	 6.75
454874	 6.75
455040	 6.75
455206	 6.74
455372	 6.75
455538	 6.75
455704	 6.76
455870	 6.75
456036	 6.75
456202	 6.76
456368	 6.75
456534	 6.75
456700	 6.75
456866	 6.75
457032	 6.75
457198	 6.74
457364	 6.76
457530	 6.75
457696	 6.76
457862	 6.76
458028	 6.75
458194	 6.75
458360	 6.76
458526	 6.75
458692	 6.75
458858	 6.75
459024	 6.76
459190	 6.75
459356	 6.75
459522	 6.75
459688	 6.75
459854	 6.76
460020	 6.75
460186	 6.75
460352	 6.76
460518	 6.75
460684	 6.76
460850	 6.75
461016	 6.75
461182	 6.75
461348	 6.74
461514	 6.75
461680	 6.75
461846	 6.76
462012	 6.75
462178	 6.75
462344	 6.75
462510	 6.76
462676	 6.75
462842	 6.75
463008	 6.75
463174	 6.76
463340	 6.75
463506	 6.75
463672	 6.75
463838	 6.75
464004	 6.75
464170	 6.75
464336	 6.75
464502	 6.75
464668	 6.75
464834	 6.75
465000	 6.75
465166	 6.75
465332	 6.76
465498	 6.75
465664	 6.75
465830	 6.75
465996	 6.75
466162	 6.75
466328	 6.75
466494	 6.75
466660	 6.75
466826	 6.74
466992	 6.75
467158	 6.75
467324	 6.75
467490	 6.75
467656	 6.75
467822	 6.75
467988	 6.75
468154	 6.75
468320	 6.76
468486	 6.76
468652	 6.75
468818	 6.75
468984	 6.75
469150	 6.75
469316	 6.75
469482	 6.75
469648	 6.76
469814	 6.75
469980	 6.76
470146	 6.75
470312	 6.75
470478	 6.75
470644	 6.75
470810	 6.76
470976	 6.75
471142	 6.75
471308	 6.75
471474	 6.76
471640	 6.75
471806	 6.75
471972	 6.75
472138	 6.75
472304	 6.75
472470	 6.75
472636	 6.75
472802	 6.75
472968	 6.75
473134	 6.76
473300	 6.75
473466	 6.75
473632	 6.75
473798	 6.75
473964	 6.75
474130	 6.75
474296	 6.76
474462	 6.75
474628	 6.75
474794	 6.76
474960	 6.75
475126	 6.75
475292	 6.75
475458	 6.76
475624	 6.75
475790	 6.75
475956	 6.76
476122	 6.75
476288	 6.75
476454	 6.75
476620	 6.75
476786	 6.76
476952	 6.76
477118	 6.75
477284	 6.75
477450	 6.75
477616	 6.75
477782	 6.75
477948	 6.75
478114	 6.75
478280	 6.74
478446	 6.76
478612	 6.76
478778	 6.75
478944	 6.75
479110	 6.75
479276	 6.76
479442	 6.75
479608	 6.75
479774	 6.75
479940	 6.75
480106	 6.75
480272	 6.75
480438	 6.75
480604	 6.75
480770	 6.75
480936	 6.75
481102	 6.76
481268	 6.75
481434	 6.75
481600	 6.75
481766	 6.75
481932	 6.75
482098	 6.75
482264	 6.74
482430	 6.75
482596	 6.75
482762	 6.75
482928	 6.75
483094	 6.75
483260	 6.75
483426	 6.76
483592	 6.75
483758	 6.76
483924	 6.75
484090	 6.75
484256	 6.75
484422	 6.75
484588	 6.75
484754	 6.75
484920	 6.75
485086	 6.76
485252	 6.75
485418	 6.76
485584	 6.75
485750	 6.75
485916	 6.75
486082	 6.75
486248	 6.75
486414	 6.75
486580	 6.75
486746	 6.74
486912	 6.76
487078	 6.76
487244	 6.75
487410	 6.76
487576	 6.76
487742	 6.75
487908	 6.75
488074	 6.75
488240	 6.75
488406	 6.75
488572	 6.75
488738	 6.75
488904	 6.75
489070	 6.75
489236	 6.75
489402	 6.76
489568	 6.75
489734	 6.75
489900	 6.75
490066	 6.76
490232	 6.75
490398	 6.75
490564	 6.76
490730	 6.75
490896	 6.75
491062	 6.75
491228	 6.75
491394	 6.75
491560	 6.75
491726	 6.74
491892	 6.75
492058	 6.75
492224	 6.75
492390	 6.75
492556	 6.75
492722	 6.75
492888	 6.75
493054	 6.75
493220	 6.75
493386	 6.75
493552	 6.75
493718	 6.75
493884	 6.75
494050	 6.75
494216	 6.75
494382	 6.75
494548	 6.76
494714	 6.75
494880	 6.75
495046	 6.75
495212	 6.75
495378	 6.75
495544	 6.74
495710	 6.75
495876	 6.76
496042	 6.75
496208	 6.75
496374	 6.75
496540	 6.75
496706	 6.76
496872	 6.75
497038	 6.75
497204	 6.75
497370	 6.75
497536	 6.75
497702	 6.75
497868	 6.76
498034	 6.75
