M  	dmean
1	66.5614
2	66.5614
3	66.5614
4	66.5614
5	66.5614
6	66.5614
7	66.5614
8	66.5614
9	66.5614
10	66.5614
11	66.5614
12	66.5614
13	66.5614
14	66.5614
15	66.5614
16	66.5614
17	66.5614
18	66.5614
19	66.5614
20	66.5614
21	66.5614
22	66.5614
23	66.5614
24	66.5614
25	66.5614
26	66.5614
27	66.5614
28	66.5614
29	66.5614
30	66.5614
31	66.5614
32	66.5614
33	66.5614
34	66.5614
35	66.5614
36	66.5614
37	66.5614
38	66.5614
39	66.5614
40	66.5614
41	66.5614
42	64.9372
43	64.4296
44	64.4296
45	64.4296
46	64.4296
47	64.4296
48	64.4296
49	64.4296
50	64.4296
51	64.4296
52	64.4296
53	64.4296
54	64.4296
55	64.4296
56	64.4296
57	64.4296
58	64.4296
59	64.4296
60	64.4296
61	64.4296
62	64.4296
63	64.3131
64	64.2701
65	64.2701
66	64.2701
67	64.2701
68	64.2701
69	64.2701
70	64.2701
71	64.2701
72	64.2701
73	64.2701
74	64.2701
75	64.2701
76	64.2701
77	64.2701
78	64.3144
79	64.4347
80	64.4347
81	64.4347
82	64.4347
83	64.4347
84	64.4347
85	64.4347
86	64.4347
87	64.4347
88	64.4347
89	64.4347
90	64.4347
91	64.1688
92	63.6002
93	63.6002
94	63.6002
95	63.6002
96	63.6002
97	63.6002
98	63.6002
99	63.6002
100	63.6002
101	63.6002
102	63.6436
103	63.9161
104	63.9161
105	63.9161
106	63.9161
107	63.9161
108	63.9161
109	63.9161
110	63.9161
111	63.9161
112	65.149
113	68.1004
114	68.1004
115	68.1004
116	68.1004
117	68.1004
118	68.1004
119	68.1004
120	68.1004
121	68.1004
122	64.989
123	64.7996
124	64.7996
125	64.7996
126	64.7996
127	64.7996
128	64.7996
129	64.7996
130	64.5366
131	64.0565
132	64.0565
133	64.0565
134	64.0565
135	64.0565
136	64.0565
137	64.0565
138	64.2049
139	64.4581
140	64.4581
141	64.4581
142	64.4581
143	64.4581
144	64.4581
145	64.7241
146	65.9415
147	65.9415
148	65.9415
149	65.9415
150	65.9415
151	65.9415
152	66.3482
153	66.955
154	66.955
155	66.955
156	66.955
157	66.955
158	66.955
159	66.39
160	66.0567
161	66.0567
162	66.0567
163	66.0567
164	66.0567
165	65.8858
166	64.7143
167	64.7143
168	64.7143
169	64.7143
170	64.7143
171	64.8244
172	66.4247
173	66.4247
174	66.4247
175	66.4247
176	66.4247
177	66.5215
178	67.3764
179	67.3764
180	67.3764
181	67.3764
182	67.3764
183	67.1367
184	66.3322
185	66.3322
186	66.3322
187	66.3322
188	66.3322
189	66.7444
190	67.0038
191	67.0038
192	67.0038
193	67.0038
194	67.09
195	68.6776
196	68.6776
197	68.6776
198	68.6776
199	68.6776
200	67.4787
201	66.2056
202	66.2056
203	66.2056
204	66.2056
205	66.0373
206	62.3729
207	62.3729
208	62.3729
209	62.3729
210	62.3729
211	65.4229
212	66.4204
213	66.4204
214	66.4204
215	66.4204
216	64.798
217	63.7038
218	63.7038
219	63.7038
220	63.7038
221	64.5698
222	65.235
223	65.235
224	65.235
225	65.235
226	64.6099
227	64.2471
228	64.2471
229	64.2471
230	64.2471
231	65.8275
232	66.2098
233	66.2098
234	66.2098
235	65.9734
236	63.6842
237	63.6842
238	63.6842
239	63.6842
240	65.49
241	67.4858
242	67.4858
243	67.4858
244	67.4858
245	65.1637
246	65.0752
247	65.0752
248	65.0752
249	66.7452
250	68.274
251	68.274
252	68.274
253	67.7537
254	64.7167
255	64.7167
256	64.7167
257	64.7167
258	65.2388
259	65.3346
260	65.3346
261	65.3346
262	66.3503
263	66.9978
264	66.9978
265	66.9978
266	68.0325
267	69.2174
268	69.2174
269	69.2174
270	67.5389
271	65.4409
272	65.4409
273	65.4409
274	65.2628
275	65.1555
276	65.1555
277	65.1555
278	63.6345
279	62.9871
280	62.9871
281	62.9871
282	65.5711
283	66.3607
284	66.3607
285	66.3607
286	69.6537
287	70.0833
288	70.0833
289	69.7237
290	65.5655
291	65.5655
292	65.5655
293	65.8186
294	66.2928
295	66.2928
296	66.2928
297	68.0353
298	68.5626
299	68.5626
300	67.3403
301	64.3958
302	64.3958
303	64.3958
304	66.1159
305	66.4384
306	66.4384
307	65.0033
308	63.2457
309	63.2457
310	63.2347
311	63.0755
312	63.0755
313	63.0755
314	64.0908
315	64.4861
316	64.4861
317	65.5918
318	67.246
319	67.246
320	67.1525
321	66.2144
322	66.2144
323	66.2144
324	65.2713
325	65.057
326	65.057
327	63.5949
328	62.5139
329	62.5139
330	63.477
331	64.8337
332	64.8337
333	65.3356
334	68.467
335	68.467
336	68.467
337	64.74
338	64.74
339	64.74
340	67.2447
341	67.7598
342	67.7598
343	67.3248
344	67.0657
345	67.0657
346	66.8196
347	66.5128
348	66.5128
349	66.9642
350	67.6299
351	67.6299
352	66.8157
353	65.6802
354	65.6802
355	66.6977
356	67.9238
357	67.9238
358	66.4936
359	65.2431
360	65.2431
361	65.0513
362	64.8787
363	64.8787
364	66.2256
365	67.3423
366	67.3423
367	66.796
368	66.4226
369	66.4226
370	67.261
371	67.6635
372	67.6635
373	65.8539
374	65.1911
375	65.1911
376	65.365
377	65.4048
378	65.4048
379	65.158
380	65.136
381	65.2241
382	67.3732
383	67.3732
384	67.2448
385	66.7247
386	66.7247
387	66.9326
388	67.2647
389	67.2647
390	66.0002
391	65.0632
392	65.0632
393	68.1064
394	68.9589
395	68.9384
396	67.9462
397	67.9462
398	66.2191
399	61.8088
400	61.8088
401	64.0789
402	66.0626
403	66.0626
404	67.1552
405	67.3922
406	67.4245
407	67.6598
408	67.6598
409	67.3981
410	67.0651
411	67.0651
412	69.4382
413	70.1397
414	69.5046
415	64.2964
416	64.2964
417	66.6121
418	69.1246
419	69.1246
420	64.9112
421	64.2496
422	64.7281
423	66.0052
424	66.0052
425	69.9826
426	71.7354
427	70.8639
428	65.207
429	65.207
430	65.8362
431	66.2597
432	66.2138
433	65.7097
434	65.7097
435	65.9916
436	66.1983
437	66.2277
438	66.5877
439	66.5877
440	63.6578
441	61.5715
442	61.7581
443	63.2544
444	63.2544
445	65.0832
446	66.0511
447	66.2673
448	67.0577
449	67.0577
450	65.5509
451	65.1584
452	66.031
453	67.4514
454	67.4514
455	66.9535
456	66.9502
457	67.2705
458	67.4785
459	67.4439
460	67.3765
461	67.4129
462	68.9008
463	68.9008
464	67.0828
465	66.6573
466	67.022
467	67.3109
468	66.7751
469	65.8003
470	66.431
471	70.9105
472	70.9105
473	65.2144
474	64.5859
475	66.4945
476	67.3753
477	66.7549
478	66.0599
479	65.8137
480	65.2292
481	65.1509
482	62.3317
483	62.4504
484	64.3085
485	64.4926
486	65.6412
487	65.8132
488	67.037
489	66.9845
490	65.2004
491	65.2004
492	67.5992
493	68.25
494	66.3485
495	64.8952
496	65.3722
497	66.2171
498	65.9816
499	64.7511
500	64.7511
501	65.7642
502	65.7848
503	67.5589
504	68.0046
505	67.7729
506	67.6423
507	65.98
508	64.1597
509	64.5014
510	65.2536
511	65.6363
512	67.6097
513	67.5448
514	65.0493
515	65.0493
516	67.7844
517	68.091
518	65.6115
519	64.904
520	63.8618
521	63.3377
522	65.3985
523	66.9967
524	65.3782
525	63.4923
526	64.7393
527	66.805
528	66.0549
529	64.2984
530	64.2397
531	64.0409
532	64.396
533	66.2118
534	66.3584
535	67.5618
536	67.3927
537	64.973
538	64.9606
539	64.4571
540	64.4571
541	67.3099
542	67.3258
543	64.6355
544	64.538
545	66.3473
546	66.4271
547	65.2315
548	65.1695
549	66.8292
550	66.9218
551	66.1011
552	66.0669
553	67.7144
554	67.7666
555	68.1212
556	68.1385
557	68.7606
558	68.5921
559	65.7271
560	65.8536
561	67.1159
562	67.0199
563	66.433
564	66.1841
565	65.1088
566	65.5436
567	66.842
568	66.8842
569	66.9804
570	67.1666
571	67.474
572	66.5761
573	65.5138
574	65.1609
575	64.8748
576	65.0951
577	65.2159
578	66.277
579	66.6455
580	65.6063
581	65.4229
582	67.4477
583	67.0393
584	62.96
585	63.8367
586	66.7588
587	66.2318
588	65.3201
589	65.7012
590	66.0684
591	66.6675
592	66.9977
593	66.5401
594	66.4191
595	66.1557
596	66.2896
597	67.4937
598	67.6557
599	68.0956
600	68.5075
601	69.0463
602	67.2663
603	66.1424
604	68.0505
605	68.5434
606	64.033
607	63.7801
608	62.9231
609	64.7813
610	67.9751
611	67.3062
612	66.8491
613	66.5584
614	66.5041
615	67.6144
616	67.413
617	66.7285
618	64.9876
619	62.8163
620	63.6913
621	65.2609
622	69.3225
623	65.5344
624	63.4953
625	68.0164
626	67.2879
627	65.0824
628	65.2875
629	65.4305
630	66.1421
631	66.5473
632	68.1423
633	67.1411
634	65.9263
635	66.2757
636	66.3725
637	65.0905
638	65.4718
639	66.3255
640	66.6236
641	66.8135
642	66.3067
643	66.6487
644	68.208
645	66.9565
646	65.7394
647	65.5263
648	65.6826
649	67.1028
650	66.3578
651	65.3916
652	65.1877
653	65.1342
654	65.2433
655	65.2051
656	65.153
657	67.11
658	67.3627
659	64.4088
660	64.3358
661	64.2498
662	65.2649
663	65.8147
664	67.3089
665	67.2749
666	67.2445
667	66.6018
668	67.0265
669	68.4825
670	67.3804
671	66.716
672	66.2017
673	65.4114
674	64.1171
675	68.0521
676	68.7369
677	65.244
678	67.1235
679	68.7738
680	64.5
681	64.6815
682	65.7651
683	66.6384
684	66.7899
685	65.7323
686	68.1366
687	70.0842
688	65.7078
689	67.3836
690	70.3543
691	67.627
692	66.6401
693	65.5202
694	64.626
695	64.5512
696	68.1373
697	67.8575
698	67.6103
699	65.3946
700	65.8778
701	66.7361
702	66.5343
703	66.5367
704	66.6419
705	67.9785
706	68.3189
707	67.5569
708	66.7012
709	66.3252
710	67.2063
711	65.9681
712	65.1328
713	67.8534
714	66.4133
715	65.0362
716	68.3326
717	67.1138
718	65.5847
719	68.3001
720	66.927
721	64.7328
722	67.167
723	66.7619
724	65.7192
725	65.6256
726	66.0224
727	66.49
728	66.6047
729	65.7675
730	64.8736
731	67.2318
732	66.7568
733	66.3357
734	68.2483
735	68.9105
736	68.5895
737	65.5662
738	69.0626
739	68.7969
740	64.0479
741	66.2249
742	65.9646
743	64.5998
744	65.3545
745	66.138
746	67.0783
747	63.4161
748	64.6639
749	65.9297
750	62.8305
751	64.4236
752	65.7629
753	67.1539
754	66.6185
755	66.3708
756	66.3589
757	66.411
758	66.1967
759	65.7754
760	67.6838
761	67.3222
762	66.6497
763	65.2278
764	67.9372
765	68.5089
766	62.8667
767	64.8407
768	65.3684
769	65.0012
770	68.0039
771	67.7016
772	66.4903
773	63.5883
774	65.9867
775	66.5426
776	66.2559
777	62.5077
778	65.1306
779	66.779
780	66.8506
781	65.9945
782	64.3654
783	62.636
784	66.9537
785	68.3107
786	68.9096
787	68.2346
788	66.513
789	66.6877
790	67.271
791	67.0741
792	65.166
793	64.427
794	64.7956
795	64.2962
796	66.606
797	68.3191
798	65.6614
799	65.1606
800	63.9576
801	62.4909
802	67.5567
803	66.2836
804	65.9222
805	66.3872
806	66.6803
807	66.0387
808	64.9595
809	63.0405
810	66.232
811	66.4176
812	66.317
813	66.5077
814	67.6861
815	67.6532
816	67.1001
817	65.3576
818	66.9663
819	65.3106
820	63.4991
821	65.7573
822	62.3395
823	63.9761
824	66.188
825	63.6265
826	65.3683
827	66.5621
828	66.9248
829	64.3221
830	63.2392
831	64.831
832	65.761
833	63.7987
834	68.1124
835	66.7332
836	65.717
837	65.9212
838	63.8721
839	65.758
840	67.2657
841	68.3816
842	68.6475
843	67.1492
844	66.0081
845	65.9996
846	69.9399
847	63.8742
848	67.3553
849	69.5002
850	66.6245
851	67.5906
852	64.7611
853	63.9613
854	65.7964
855	70.5368
856	66.7177
857	64.1418
858	66.2073
859	68.0582
860	65.2682
861	66.5451
862	66.8177
863	66.9081
864	66.905
865	66.9645
866	65.4725
867	67.4957
868	68.1559
869	66.8102
870	67.1336
871	69.1095
872	68.5492
873	67.7625
874	67.624
875	65.2784
876	65.2192
877	67.0139
878	67.6158
879	65.2715
880	64.4697
881	64.2214
882	65.1026
883	65.5511
884	65.0097
885	66.4578
886	67.264
887	67.4703
888	66.5604
889	64.8341
890	64.0759
891	66.8442
892	68.1744
893	67.4438
894	65.744
895	65.4848
896	65.4047
897	67.3556
898	66.1966
899	65.3418
900	66.462
901	64.8692
902	69.2829
903	64.6651
904	65.545
905	66.1091
906	64.4891
907	65.1618
908	62.7113
909	63.2527
910	64.7533
911	65.3984
912	65.5261
913	66.7725
914	65.9796
915	66.555
916	66.6832
917	68.3698
918	68.9736
919	65.9099
920	64.1232
921	63.4775
922	65.2582
923	66.2585
924	67.0073
925	67.7066
926	67.5255
927	64.8896
928	66.5684
929	66.4775
930	65.9081
931	64.9208
932	64.9242
933	67.2002
934	66.4446
935	68.0058
936	65.6605
937	66.0937
938	66.4815
939	66.3424
940	66.5808
941	66.3693
942	64.5502
943	65.7874
944	64.9549
945	65.6627
946	66.4025
947	66.2675
948	66.5998
949	65.3529
950	69.0717
951	64.7684
952	67.3913
953	67.2425
954	67.3456
955	68.1769
956	67.4033
957	67.9762
958	61.8323
959	64.3352
960	65.1749
961	65.7566
962	66.553
963	67.4654
964	67.511
965	65.8935
966	64.5261
967	64.5994
968	66.6069
969	66.3044
970	65.988
971	66.1634
972	66.7072
973	66.9594
974	66.6242
975	66.0854
976	65.531
977	69.9118
978	65.5654
979	65.0701
980	66.018
981	66.0602
982	66.3899
983	64.9093
984	63.9237
985	66.6763
986	67.1024
987	67.9085
988	69.4901
989	65.8184
990	65.3605
991	65.4171
992	66.0597
993	66.3244
994	66.6871
995	67.3473
996	68.1256
997	68.3011
998	67.0316
999	66.4367
1000	65.8971
