200	 6.736352
300	 6.817370
400	 6.751130
500	 6.793965
600	 6.816592
700	 6.733186
800	 6.819769
900	 6.760990
1000	 6.701988
1100	 6.749811
1200	 6.731774
1300	 6.743540
1400	 6.775264
1500	 6.756820
1600	 6.763048
1700	 6.723586
1800	 6.760226
1900	 6.769946
2000	 6.757885
2100	 6.766978
2200	 6.741066
2300	 6.768118
2400	 6.738643
2500	 6.779262
2600	 6.779319
2700	 6.787153
2800	 6.767885
2900	 6.761703
3000	 6.759970
3100	 6.773175
3200	 6.788921
3300	 6.768634
3400	 6.777785
3500	 6.751338
3600	 6.751515
3700	 6.768076
3800	 6.772021
3900	 6.752811
4000	 6.736017
4100	 6.759580
4200	 6.754667
4300	 6.743424
4400	 6.795166
4500	 6.774058
4600	 6.776045
4700	 6.756732
4800	 6.746070
4900	 6.754818
5000	 6.755416
5100	 6.759243
5200	 6.786155
5300	 6.755711
5400	 6.747356
5500	 6.787802
5600	 6.783910
5700	 6.763530
5800	 6.754370
5900	 6.764223
6000	 6.768795
6100	 6.764919
6200	 6.755984
6300	 6.757947
6400	 6.755753
6500	 6.744014
6600	 6.751390
6700	 6.749964
6800	 6.756170
6900	 6.778401
7000	 6.768827
7100	 6.748405
7200	 6.756670
7300	 6.760000
7400	 6.768810
7500	 6.747503
7600	 6.755836
7700	 6.782049
7800	 6.748830
7900	 6.779467
8000	 6.768903
8100	 6.776086
8200	 6.766384
8300	 6.765288
8400	 6.746169
8500	 6.755247
8600	 6.756268
8700	 6.756043
8800	 6.761246
8900	 6.772631
9000	 6.751210
9100	 6.764902
9200	 6.768663
9300	 6.765832
9400	 6.756177
9500	 6.759946
9600	 6.751840
9700	 6.735928
9800	 6.750662
9900	 6.756452
10000	 6.769931
10100	 6.751702
10200	 6.761874
10300	 6.757510
10400	 6.746752
10500	 6.766559
10600	 6.748318
10700	 6.767480
10800	 6.741847
10900	 6.759416
11000	 6.767457
11100	 6.771658
11200	 6.756818
11300	 6.745045
11400	 6.764067
11500	 6.755934
11600	 6.760516
11700	 6.765766
11800	 6.775840
11900	 6.766582
12000	 6.760491
12100	 6.770846
12200	 6.760507
12300	 6.741590
12400	 6.753750
12500	 6.748935
12600	 6.775691
12700	 6.754020
12800	 6.757042
12900	 6.756648
13000	 6.749121
13100	 6.755024
13200	 6.759507
13300	 6.763104
13400	 6.767093
13500	 6.762513
13600	 6.744645
13700	 6.768189
13800	 6.767976
13900	 6.764803
14000	 6.766472
14100	 6.746264
14200	 6.762123
14300	 6.755281
14400	 6.766170
14500	 6.767761
14600	 6.766723
14700	 6.758527
14800	 6.760861
14900	 6.741738
15000	 6.768496
15100	 6.759707
15200	 6.755029
15300	 6.750632
15400	 6.759307
15500	 6.755758
15600	 6.755210
15700	 6.763615
15800	 6.762900
15900	 6.741889
16000	 6.751932
16100	 6.760156
16200	 6.762307
16300	 6.758905
16400	 6.754990
16500	 6.746306
16600	 6.764507
16700	 6.763429
16800	 6.747404
16900	 6.761505
17000	 6.753657
17100	 6.763722
17200	 6.760740
17300	 6.746331
17400	 6.755035
17500	 6.770529
17600	 6.766790
17700	 6.772760
17800	 6.753803
17900	 6.771158
18000	 6.755517
18100	 6.756837
18200	 6.761429
18300	 6.766327
18400	 6.758224
18500	 6.765943
18600	 6.762379
18700	 6.761412
18800	 6.767417
18900	 6.755253
19000	 6.762399
19100	 6.757919
19200	 6.752392
19300	 6.771971
19400	 6.754031
19500	 6.757484
19600	 6.759256
19700	 6.772931
19800	 6.766523
19900	 6.768834
20000	 6.747892
20100	 6.760939
20200	 6.775462
20300	 6.764500
20400	 6.757131
20500	 6.762268
20600	 6.766847
20700	 6.758158
20800	 6.770916
20900	 6.761031
21000	 6.764671
21100	 6.764352
21200	 6.758837
21300	 6.753303
21400	 6.757126
21500	 6.759034
21600	 6.770955
21700	 6.767791
21800	 6.756632
21900	 6.763969
22000	 6.759585
22100	 6.757351
22200	 6.767344
22300	 6.764745
22400	 6.758792
22500	 6.762856
22600	 6.762248
22700	 6.768294
22800	 6.758136
22900	 6.758685
23000	 6.761659
23100	 6.762662
23200	 6.765298
23300	 6.767095
23400	 6.772772
23500	 6.769937
23600	 6.764991
23700	 6.768227
23800	 6.764611
23900	 6.762413
24000	 6.767019
24100	 6.772971
24200	 6.752570
24300	 6.769718
24400	 6.759993
24500	 6.764561
24600	 6.765384
24700	 6.751487
24800	 6.748889
24900	 6.764958
25000	 6.750897
25100	 6.761272
25200	 6.759183
25300	 6.762563
25400	 6.757207
25500	 6.767544
25600	 6.763183
25700	 6.761214
25800	 6.763960
25900	 6.767493
26000	 6.760764
26100	 6.770663
26200	 6.757550
26300	 6.763393
26400	 6.759821
26500	 6.758019
26600	 6.754356
26700	 6.754562
26800	 6.756400
26900	 6.760287
27000	 6.760695
27100	 6.771692
27200	 6.764810
27300	 6.765240
27400	 6.757781
27500	 6.765097
27600	 6.767794
27700	 6.774386
27800	 6.760611
27900	 6.768749
28000	 6.761973
28100	 6.756172
28200	 6.765238
28300	 6.757718
28400	 6.763552
28500	 6.753328
28600	 6.759635
28700	 6.747466
28800	 6.758192
28900	 6.757835
29000	 6.763704
29100	 6.761261
29200	 6.754512
29300	 6.758970
29400	 6.762956
29500	 6.761874
29600	 6.763260
29700	 6.762528
29800	 6.763590
29900	 6.761934
30000	 6.767354
30100	 6.756010
30200	 6.761489
30300	 6.766519
30400	 6.762140
30500	 6.746769
30600	 6.762948
30700	 6.755471
30800	 6.772001
30900	 6.761346
31000	 6.750541
31100	 6.763153
31200	 6.753249
31300	 6.749727
31400	 6.760951
31500	 6.760481
31600	 6.759787
31700	 6.767872
31800	 6.764905
31900	 6.756540
32000	 6.762693
32100	 6.768539
32200	 6.759439
32300	 6.767194
32400	 6.762228
32500	 6.774504
32600	 6.761719
32700	 6.766812
32800	 6.761899
32900	 6.762562
33000	 6.766105
33100	 6.770847
33200	 6.765748
33300	 6.755662
33400	 6.757844
33500	 6.754258
33600	 6.760435
33700	 6.766477
33800	 6.765535
33900	 6.760938
34000	 6.768178
34100	 6.754198
34200	 6.763834
34300	 6.753563
34400	 6.762242
34500	 6.765656
34600	 6.759271
34700	 6.762157
34800	 6.765924
34900	 6.768390
35000	 6.765166
35100	 6.758844
35200	 6.772164
35300	 6.760267
35400	 6.760586
35500	 6.762526
35600	 6.768810
35700	 6.753264
35800	 6.767679
35900	 6.759712
36000	 6.754161
36100	 6.758294
36200	 6.757489
36300	 6.755330
36400	 6.760939
36500	 6.761737
36600	 6.764311
36700	 6.771395
36800	 6.764940
36900	 6.759284
37000	 6.761222
37100	 6.763569
37200	 6.771564
37300	 6.758851
37400	 6.756338
37500	 6.765389
37600	 6.761210
37700	 6.757528
37800	 6.766860
37900	 6.765764
38000	 6.759003
38100	 6.762006
38200	 6.763215
38300	 6.762371
38400	 6.766249
38500	 6.759513
38600	 6.756169
38700	 6.763694
38800	 6.765443
38900	 6.770024
39000	 6.766947
39100	 6.763491
39200	 6.760085
39300	 6.765032
39400	 6.764954
39500	 6.766217
39600	 6.762603
39700	 6.758940
39800	 6.752555
39900	 6.761991
40000	 6.756208
40100	 6.766180
40200	 6.757329
40300	 6.771055
40400	 6.759010
40500	 6.760686
40600	 6.761446
40700	 6.763635
40800	 6.756540
40900	 6.764243
41000	 6.770517
41100	 6.762810
41200	 6.767943
41300	 6.760119
41400	 6.767030
41500	 6.753545
41600	 6.762174
41700	 6.764882
41800	 6.775264
41900	 6.762600
42000	 6.767319
42100	 6.761232
42200	 6.765868
42300	 6.762787
42400	 6.764244
42500	 6.758800
42600	 6.760325
42700	 6.767062
42800	 6.759584
42900	 6.763738
43000	 6.761427
43100	 6.768030
43200	 6.755510
43300	 6.755518
43400	 6.763371
43500	 6.755258
43600	 6.768525
43700	 6.770578
43800	 6.756328
43900	 6.765859
44000	 6.767275
44100	 6.767018
44200	 6.760280
44300	 6.759925
44400	 6.759633
44500	 6.759236
44600	 6.758376
44700	 6.765372
44800	 6.755885
44900	 6.756171
45000	 6.764196
45100	 6.761831
45200	 6.757927
45300	 6.761887
45400	 6.763976
45500	 6.762054
45600	 6.755761
45700	 6.764552
45800	 6.765948
45900	 6.760279
46000	 6.760957
46100	 6.760670
46200	 6.759902
46300	 6.761059
46400	 6.764229
46500	 6.766850
46600	 6.768837
46700	 6.758703
46800	 6.759761
46900	 6.764478
47000	 6.763400
47100	 6.761483
47200	 6.758211
47300	 6.763600
47400	 6.763316
47500	 6.761819
47600	 6.757701
47700	 6.757099
47800	 6.766122
47900	 6.767453
48000	 6.756948
48100	 6.762653
48200	 6.761002
48300	 6.761212
48400	 6.764967
48500	 6.766980
48600	 6.764157
48700	 6.762070
48800	 6.763172
48900	 6.762778
49000	 6.757009
49100	 6.758724
49200	 6.764403
49300	 6.759632
49400	 6.759579
49500	 6.754865
49600	 6.763289
49700	 6.773275
49800	 6.762150
49900	 6.755649
50000	 6.763164
50100	 6.757103
50200	 6.767775
50300	 6.763872
50400	 6.764773
50500	 6.768704
50600	 6.766504
50700	 6.771273
50800	 6.755030
50900	 6.756744
51000	 6.763769
51100	 6.766034
51200	 6.766521
51300	 6.754617
51400	 6.765784
51500	 6.766412
51600	 6.765514
51700	 6.758276
51800	 6.763379
51900	 6.764206
52000	 6.755104
52100	 6.762380
52200	 6.770580
52300	 6.759852
52400	 6.757498
52500	 6.752411
52600	 6.762205
52700	 6.771774
52800	 6.763930
52900	 6.762790
53000	 6.766987
53100	 6.762913
53200	 6.766095
53300	 6.756115
53400	 6.761673
53500	 6.758761
53600	 6.759867
53700	 6.754663
53800	 6.767145
53900	 6.762923
54000	 6.765430
54100	 6.755641
54200	 6.764633
54300	 6.758671
54400	 6.762958
54500	 6.757622
54600	 6.761006
54700	 6.765256
54800	 6.761579
54900	 6.757223
55000	 6.762616
55100	 6.757086
55200	 6.767075
55300	 6.761489
55400	 6.767838
55500	 6.762055
55600	 6.763455
55700	 6.755778
55800	 6.768719
55900	 6.764737
56000	 6.754636
56100	 6.764293
56200	 6.759710
56300	 6.763277
56400	 6.759795
56500	 6.765175
56600	 6.763021
56700	 6.765193
56800	 6.760318
56900	 6.761056
57000	 6.758603
57100	 6.761052
57200	 6.764829
57300	 6.763585
57400	 6.760018
57500	 6.763442
57600	 6.763223
57700	 6.766920
57800	 6.762793
57900	 6.766208
58000	 6.764819
58100	 6.768622
58200	 6.762698
58300	 6.763991
58400	 6.757282
58500	 6.764846
58600	 6.757974
58700	 6.767696
58800	 6.758689
58900	 6.762078
59000	 6.764369
59100	 6.759613
59200	 6.760847
59300	 6.769216
59400	 6.763055
59500	 6.762893
59600	 6.763500
59700	 6.757874
59800	 6.763502
59900	 6.763194
60000	 6.763249
60100	 6.759637
60200	 6.760772
60300	 6.763039
60400	 6.757836
60500	 6.761086
60600	 6.759722
60700	 6.761823
60800	 6.759619
60900	 6.766765
61000	 6.763940
61100	 6.758812
61200	 6.760319
61300	 6.755757
61400	 6.754320
61500	 6.769355
61600	 6.762730
61700	 6.766552
61800	 6.765694
61900	 6.765016
62000	 6.766008
62100	 6.759535
62200	 6.764305
62300	 6.757818
62400	 6.760521
62500	 6.764360
62600	 6.763979
62700	 6.757453
62800	 6.760055
62900	 6.764540
63000	 6.764910
63100	 6.759307
63200	 6.761694
63300	 6.768784
63400	 6.762804
63500	 6.757204
63600	 6.759026
63700	 6.756987
63800	 6.759972
63900	 6.758859
64000	 6.755009
64100	 6.760040
64200	 6.763954
64300	 6.762597
64400	 6.762042
64500	 6.757850
64600	 6.764823
64700	 6.758736
64800	 6.753533
64900	 6.761092
65000	 6.764388
65100	 6.760202
65200	 6.756276
65300	 6.761752
65400	 6.763429
65500	 6.769193
65600	 6.759829
65700	 6.765892
65800	 6.766874
65900	 6.764268
66000	 6.763154
66100	 6.763508
66200	 6.760902
66300	 6.761303
66400	 6.763201
66500	 6.758477
66600	 6.758479
66700	 6.763745
66800	 6.765359
66900	 6.760207
67000	 6.759889
67100	 6.761956
67200	 6.767145
67300	 6.758622
67400	 6.758540
67500	 6.761826
67600	 6.769848
67700	 6.761109
67800	 6.762823
67900	 6.760408
68000	 6.761461
68100	 6.761187
68200	 6.754859
68300	 6.763527
68400	 6.762189
68500	 6.763827
68600	 6.762525
68700	 6.764761
68800	 6.759114
68900	 6.759778
69000	 6.765892
69100	 6.761671
69200	 6.754570
69300	 6.761988
69400	 6.758231
69500	 6.760622
69600	 6.757293
69700	 6.762467
69800	 6.760136
69900	 6.759895
70000	 6.761377
70100	 6.758986
70200	 6.756994
70300	 6.761040
70400	 6.762158
70500	 6.762088
70600	 6.765535
70700	 6.756055
70800	 6.761144
70900	 6.764803
71000	 6.765377
71100	 6.767681
71200	 6.761839
71300	 6.774155
71400	 6.761423
71500	 6.762293
71600	 6.763746
71700	 6.762019
71800	 6.764855
71900	 6.761075
72000	 6.762493
72100	 6.763930
72200	 6.763038
72300	 6.765247
72400	 6.757619
72500	 6.758591
72600	 6.760363
72700	 6.765015
72800	 6.763412
72900	 6.759771
73000	 6.764523
73100	 6.759171
73200	 6.756410
73300	 6.762249
73400	 6.759316
73500	 6.764922
73600	 6.757576
73700	 6.761260
73800	 6.753266
73900	 6.767110
74000	 6.760942
74100	 6.765283
74200	 6.761507
74300	 6.762039
74400	 6.765203
74500	 6.767702
74600	 6.763058
74700	 6.767564
74800	 6.763667
74900	 6.758611
75000	 6.763126
75100	 6.763272
75200	 6.760883
75300	 6.757961
75400	 6.764188
75500	 6.765182
75600	 6.759809
75700	 6.758791
75800	 6.759385
75900	 6.756661
76000	 6.770946
76100	 6.763877
76200	 6.765266
76300	 6.763154
76400	 6.765238
76500	 6.759521
76600	 6.766601
76700	 6.763862
76800	 6.760749
76900	 6.759536
77000	 6.769578
77100	 6.761855
77200	 6.758224
77300	 6.763454
77400	 6.761308
77500	 6.754921
77600	 6.764102
77700	 6.763710
77800	 6.762314
77900	 6.759976
78000	 6.759322
78100	 6.758362
78200	 6.766021
78300	 6.769451
78400	 6.758316
78500	 6.756385
78600	 6.767266
78700	 6.762407
78800	 6.765939
78900	 6.764544
79000	 6.760024
79100	 6.760040
79200	 6.758936
79300	 6.763542
79400	 6.760863
79500	 6.765456
79600	 6.762120
79700	 6.764413
79800	 6.763595
79900	 6.762886
80000	 6.765776
80100	 6.759140
80200	 6.758911
80300	 6.766380
80400	 6.764343
80500	 6.762616
80600	 6.764793
80700	 6.759228
80800	 6.761795
80900	 6.762227
81000	 6.755810
81100	 6.761300
81200	 6.765902
81300	 6.764292
81400	 6.758012
81500	 6.764136
81600	 6.760247
81700	 6.758367
81800	 6.756192
81900	 6.760671
82000	 6.767105
82100	 6.763087
82200	 6.773264
82300	 6.763827
82400	 6.760771
82500	 6.767284
82600	 6.760261
82700	 6.753795
82800	 6.761087
82900	 6.763790
83000	 6.758851
83100	 6.759921
83200	 6.765810
83300	 6.760170
83400	 6.756902
83500	 6.759110
83600	 6.768275
83700	 6.763887
83800	 6.761544
83900	 6.764117
84000	 6.762054
84100	 6.765857
84200	 6.760319
84300	 6.762572
84400	 6.763107
84500	 6.761733
84600	 6.759871
84700	 6.764063
84800	 6.772571
84900	 6.762071
85000	 6.759415
85100	 6.758636
85200	 6.762016
85300	 6.759527
85400	 6.763445
85500	 6.761695
85600	 6.762271
85700	 6.757991
85800	 6.770423
85900	 6.761381
86000	 6.762972
86100	 6.764540
86200	 6.759342
86300	 6.762511
86400	 6.760739
86500	 6.754134
86600	 6.766902
86700	 6.764620
86800	 6.762856
86900	 6.757660
87000	 6.761205
87100	 6.764634
87200	 6.762492
87300	 6.761218
87400	 6.754511
87500	 6.760411
87600	 6.764137
87700	 6.761060
87800	 6.764445
87900	 6.761738
88000	 6.766898
88100	 6.757062
88200	 6.763414
88300	 6.766298
88400	 6.763332
88500	 6.763944
88600	 6.767959
88700	 6.758544
88800	 6.759234
88900	 6.764800
89000	 6.763376
89100	 6.763307
89200	 6.757327
89300	 6.757494
89400	 6.761393
89500	 6.766452
89600	 6.764152
89700	 6.764491
89800	 6.763047
89900	 6.760522
90000	 6.761816
90100	 6.761078
90200	 6.762438
90300	 6.759444
90400	 6.761727
90500	 6.769062
90600	 6.756832
90700	 6.762477
90800	 6.763567
90900	 6.762085
91000	 6.759886
91100	 6.760195
91200	 6.764285
91300	 6.761888
91400	 6.760637
91500	 6.761028
91600	 6.759899
91700	 6.762146
91800	 6.762604
91900	 6.763654
92000	 6.761758
92100	 6.768518
92200	 6.762132
92300	 6.759947
92400	 6.763379
92500	 6.761799
92600	 6.756174
92700	 6.761385
92800	 6.762678
92900	 6.764432
93000	 6.756727
93100	 6.766007
93200	 6.761183
93300	 6.762675
93400	 6.764326
93500	 6.767574
93600	 6.765336
93700	 6.760985
93800	 6.760074
93900	 6.767661
94000	 6.763870
94100	 6.762312
94200	 6.759385
94300	 6.766632
94400	 6.766286
94500	 6.760632
94600	 6.762715
94700	 6.760745
94800	 6.764587
94900	 6.766684
95000	 6.760150
95100	 6.760714
95200	 6.765763
95300	 6.760185
95400	 6.762097
95500	 6.764749
95600	 6.766351
95700	 6.770229
95800	 6.759143
95900	 6.762751
96000	 6.757803
96100	 6.758913
96200	 6.762287
96300	 6.761385
96400	 6.760744
96500	 6.769201
96600	 6.761107
96700	 6.760413
96800	 6.761871
96900	 6.765381
97000	 6.766466
97100	 6.761103
97200	 6.762285
97300	 6.764999
97400	 6.764300
97500	 6.765203
97600	 6.763574
97700	 6.760175
97800	 6.760593
97900	 6.760030
98000	 6.764572
98100	 6.762861
98200	 6.760458
98300	 6.761094
98400	 6.755292
98500	 6.763377
98600	 6.758932
98700	 6.763220
98800	 6.771342
98900	 6.760588
99000	 6.764173
99100	 6.765052
99200	 6.763384
99300	 6.762170
99400	 6.764731
99500	 6.762576
99600	 6.759004
99700	 6.758172
99800	 6.762806
99900	 6.758308
100000	 6.755257
100100	 6.764021
100200	 6.760801
100300	 6.758630
100400	 6.764036
100500	 6.759365
100600	 6.765373
100700	 6.765878
100800	 6.766533
100900	 6.762680
101000	 6.759887
101100	 6.757794
101200	 6.762998
101300	 6.763251
101400	 6.766934
101500	 6.768575
101600	 6.761270
101700	 6.764730
101800	 6.764412
101900	 6.764115
102000	 6.761598
102100	 6.760463
102200	 6.761842
102300	 6.761686
102400	 6.766312
102500	 6.757159
102600	 6.762404
102700	 6.763175
102800	 6.759898
102900	 6.763479
103000	 6.758245
103100	 6.755654
103200	 6.759916
103300	 6.762611
103400	 6.765439
103500	 6.766344
103600	 6.765531
103700	 6.765402
103800	 6.758668
103900	 6.759739
104000	 6.760579
104100	 6.761756
104200	 6.767357
104300	 6.757247
104400	 6.764310
104500	 6.768396
104600	 6.761034
104700	 6.763104
104800	 6.761350
104900	 6.763184
105000	 6.761809
105100	 6.760159
105200	 6.760721
105300	 6.764140
105400	 6.768030
105500	 6.770897
105600	 6.757992
105700	 6.761152
105800	 6.762646
105900	 6.762912
106000	 6.761602
106100	 6.763889
106200	 6.761730
106300	 6.764168
106400	 6.768045
106500	 6.760874
106600	 6.759561
106700	 6.765613
106800	 6.762444
106900	 6.758970
107000	 6.762749
107100	 6.760379
107200	 6.759191
107300	 6.757111
107400	 6.756936
107500	 6.760420
107600	 6.757540
107700	 6.760726
107800	 6.763371
107900	 6.761617
108000	 6.763673
108100	 6.761013
108200	 6.762825
108300	 6.768332
108400	 6.766223
108500	 6.769089
108600	 6.769520
108700	 6.763049
108800	 6.758802
108900	 6.760060
109000	 6.760065
109100	 6.763182
109200	 6.760081
109300	 6.764488
109400	 6.760035
109500	 6.759586
109600	 6.759597
109700	 6.762966
109800	 6.760810
109900	 6.762083
110000	 6.763765
110100	 6.761442
110200	 6.763436
110300	 6.760135
110400	 6.762102
110500	 6.761120
110600	 6.765973
110700	 6.758097
110800	 6.761352
110900	 6.761848
111000	 6.765114
111100	 6.758421
111200	 6.756203
111300	 6.763712
111400	 6.765758
111500	 6.762572
111600	 6.765114
111700	 6.763015
111800	 6.763632
111900	 6.762264
112000	 6.759811
112100	 6.761226
112200	 6.766978
112300	 6.766794
112400	 6.757573
112500	 6.766152
112600	 6.766981
112700	 6.765475
112800	 6.760232
112900	 6.759911
113000	 6.761428
113100	 6.761651
113200	 6.758991
113300	 6.760961
113400	 6.765946
113500	 6.764519
113600	 6.762972
113700	 6.769302
113800	 6.758744
113900	 6.763345
114000	 6.762549
114100	 6.766940
114200	 6.756733
114300	 6.761386
114400	 6.764272
114500	 6.759327
114600	 6.766477
114700	 6.764931
114800	 6.759247
114900	 6.764855
115000	 6.758415
115100	 6.762136
115200	 6.764825
115300	 6.762220
115400	 6.761422
115500	 6.756346
115600	 6.767715
115700	 6.764729
115800	 6.759578
115900	 6.761830
116000	 6.758824
116100	 6.762453
116200	 6.760727
116300	 6.764044
116400	 6.763892
116500	 6.762478
116600	 6.758856
116700	 6.762738
116800	 6.757546
116900	 6.756801
117000	 6.763575
117100	 6.755112
117200	 6.764010
117300	 6.758111
117400	 6.757255
117500	 6.759028
117600	 6.753734
117700	 6.762890
117800	 6.760763
117900	 6.762575
118000	 6.759509
118100	 6.765333
118200	 6.762976
118300	 6.759124
118400	 6.764147
118500	 6.761991
118600	 6.762113
118700	 6.765503
118800	 6.767043
118900	 6.763482
119000	 6.757987
119100	 6.758623
119200	 6.764173
119300	 6.763920
119400	 6.756289
119500	 6.764520
119600	 6.764407
119700	 6.764226
119800	 6.759057
119900	 6.755749
120000	 6.758049
120100	 6.763837
120200	 6.763244
120300	 6.758326
120400	 6.763330
120500	 6.754759
120600	 6.761132
120700	 6.762206
120800	 6.765902
120900	 6.765417
121000	 6.766171
121100	 6.756634
121200	 6.763944
121300	 6.760555
121400	 6.761630
121500	 6.764667
121600	 6.764711
121700	 6.762638
121800	 6.759515
121900	 6.756746
122000	 6.764008
122100	 6.764406
122200	 6.762614
122300	 6.763020
122400	 6.760052
122500	 6.764157
122600	 6.759884
122700	 6.767190
122800	 6.763513
122900	 6.764378
123000	 6.758419
123100	 6.761037
123200	 6.763625
123300	 6.758579
123400	 6.767622
123500	 6.764235
123600	 6.759878
123700	 6.767250
123800	 6.764196
123900	 6.761879
124000	 6.762231
124100	 6.765222
124200	 6.756626
124300	 6.765639
124400	 6.763854
124500	 6.761846
124600	 6.760785
124700	 6.758233
124800	 6.761828
124900	 6.761292
125000	 6.761323
125100	 6.760482
125200	 6.761893
125300	 6.763439
125400	 6.765476
125500	 6.761217
125600	 6.761498
125700	 6.762417
125800	 6.759638
125900	 6.762891
126000	 6.760340
126100	 6.766135
126200	 6.763074
126300	 6.759083
126400	 6.760940
126500	 6.759932
126600	 6.765221
126700	 6.758965
126800	 6.765216
126900	 6.768554
127000	 6.758847
127100	 6.764651
127200	 6.760935
127300	 6.767026
127400	 6.759666
127500	 6.761662
127600	 6.764632
127700	 6.756276
127800	 6.766791
127900	 6.763919
128000	 6.762040
128100	 6.760567
128200	 6.759267
128300	 6.763177
128400	 6.759929
128500	 6.760904
128600	 6.763056
128700	 6.760213
128800	 6.761397
128900	 6.764574
129000	 6.761388
129100	 6.765322
129200	 6.759041
129300	 6.761409
129400	 6.763006
129500	 6.763781
129600	 6.759788
129700	 6.762714
129800	 6.762251
129900	 6.764770
130000	 6.764209
130100	 6.765933
130200	 6.761276
130300	 6.762703
130400	 6.762249
130500	 6.762353
130600	 6.762918
130700	 6.763803
130800	 6.761495
130900	 6.762586
131000	 6.761279
131100	 6.760358
131200	 6.760686
131300	 6.761953
131400	 6.762771
131500	 6.758440
131600	 6.758780
131700	 6.766950
131800	 6.767597
131900	 6.760678
132000	 6.761540
132100	 6.762013
132200	 6.760661
132300	 6.761849
132400	 6.760580
132500	 6.767697
132600	 6.758268
132700	 6.758491
132800	 6.756870
132900	 6.761591
133000	 6.762683
133100	 6.761307
133200	 6.755980
133300	 6.762342
133400	 6.759340
133500	 6.760568
133600	 6.768172
133700	 6.764361
133800	 6.762878
133900	 6.762691
134000	 6.762316
134100	 6.759315
134200	 6.763333
134300	 6.760853
134400	 6.763784
134500	 6.760096
134600	 6.764817
134700	 6.762178
134800	 6.760093
134900	 6.758834
135000	 6.762301
135100	 6.764818
135200	 6.760027
135300	 6.763264
135400	 6.758408
135500	 6.760661
135600	 6.757812
135700	 6.761795
135800	 6.760343
135900	 6.757847
136000	 6.761023
136100	 6.765181
136200	 6.757209
136300	 6.762725
136400	 6.769164
136500	 6.769084
136600	 6.760953
136700	 6.761754
136800	 6.762663
136900	 6.763849
137000	 6.765034
137100	 6.756320
137200	 6.762401
137300	 6.762917
137400	 6.763219
137500	 6.758047
137600	 6.759113
137700	 6.762813
137800	 6.756115
137900	 6.763880
138000	 6.764477
138100	 6.761670
138200	 6.766679
138300	 6.765139
138400	 6.760220
138500	 6.764259
138600	 6.760420
138700	 6.763588
138800	 6.761525
138900	 6.758445
139000	 6.763365
139100	 6.764636
139200	 6.764976
139300	 6.763170
139400	 6.762470
139500	 6.760334
139600	 6.766569
139700	 6.760251
139800	 6.760023
139900	 6.762622
140000	 6.762175
140100	 6.758065
140200	 6.762340
140300	 6.765161
140400	 6.760838
140500	 6.762635
140600	 6.765616
140700	 6.758830
140800	 6.763461
140900	 6.759360
141000	 6.764498
141100	 6.764182
141200	 6.764101
141300	 6.760200
141400	 6.764100
141500	 6.763732
141600	 6.763421
141700	 6.760365
141800	 6.758388
141900	 6.763936
142000	 6.762153
142100	 6.762272
142200	 6.757995
142300	 6.758276
142400	 6.766343
142500	 6.767852
142600	 6.761797
142700	 6.764989
142800	 6.757053
142900	 6.760514
143000	 6.761045
143100	 6.764206
143200	 6.758248
143300	 6.763717
143400	 6.762910
143500	 6.761934
143600	 6.765130
143700	 6.761601
143800	 6.763377
143900	 6.762514
144000	 6.765819
144100	 6.762899
144200	 6.759402
144300	 6.759511
144400	 6.762702
144500	 6.759782
144600	 6.765660
144700	 6.763027
144800	 6.763410
144900	 6.760304
145000	 6.758398
145100	 6.765386
145200	 6.761488
145300	 6.760627
145400	 6.762618
145500	 6.761003
145600	 6.758365
145700	 6.762055
145800	 6.764004
145900	 6.764702
146000	 6.760028
146100	 6.765095
146200	 6.763584
146300	 6.764292
146400	 6.759931
146500	 6.763663
146600	 6.759716
146700	 6.759016
146800	 6.763559
146900	 6.765610
147000	 6.763206
147100	 6.761238
147200	 6.762624
147300	 6.759446
147400	 6.762735
147500	 6.761174
147600	 6.763446
147700	 6.763210
147800	 6.759214
147900	 6.762701
148000	 6.761693
148100	 6.760552
148200	 6.762935
148300	 6.761984
148400	 6.764873
148500	 6.761890
148600	 6.763348
148700	 6.759674
148800	 6.759415
148900	 6.764998
149000	 6.757922
149100	 6.764178
149200	 6.760858
149300	 6.768533
149400	 6.763153
149500	 6.761139
149600	 6.766979
149700	 6.759785
149800	 6.766804
149900	 6.762894
150000	 6.762187
150100	 6.763012
150200	 6.764333
150300	 6.760891
150400	 6.761165
150500	 6.763225
150600	 6.764991
150700	 6.769714
150800	 6.759806
150900	 6.758818
151000	 6.761768
151100	 6.761008
151200	 6.764685
151300	 6.761660
151400	 6.762724
151500	 6.765633
151600	 6.762035
151700	 6.764106
151800	 6.763882
151900	 6.764096
152000	 6.761128
152100	 6.761501
152200	 6.762314
152300	 6.761178
152400	 6.756951
152500	 6.760398
152600	 6.763784
152700	 6.767696
152800	 6.761730
152900	 6.765441
153000	 6.762948
153100	 6.764004
153200	 6.757816
153300	 6.761777
153400	 6.757213
153500	 6.760442
153600	 6.761665
153700	 6.761475
153800	 6.763407
153900	 6.763783
154000	 6.765123
154100	 6.760092
154200	 6.759256
154300	 6.764547
154400	 6.767853
154500	 6.762872
154600	 6.767568
154700	 6.761606
154800	 6.761456
154900	 6.761315
155000	 6.763836
155100	 6.756835
155200	 6.765241
155300	 6.759828
155400	 6.760752
155500	 6.756836
155600	 6.763219
155700	 6.765842
155800	 6.764445
155900	 6.765181
156000	 6.757357
156100	 6.761799
156200	 6.765406
156300	 6.758612
156400	 6.766886
156500	 6.763428
156600	 6.762465
156700	 6.760178
156800	 6.761987
156900	 6.761401
157000	 6.766254
157100	 6.768217
157200	 6.759277
157300	 6.763324
157400	 6.760698
157500	 6.763702
157600	 6.763791
157700	 6.766182
157800	 6.759736
157900	 6.763534
158000	 6.761195
158100	 6.763857
158200	 6.755886
158300	 6.759727
158400	 6.758445
158500	 6.758746
158600	 6.762831
158700	 6.760529
158800	 6.762410
158900	 6.762163
159000	 6.768124
159100	 6.767551
159200	 6.766706
159300	 6.762088
159400	 6.759946
159500	 6.761524
159600	 6.761337
159700	 6.762939
159800	 6.759780
159900	 6.758806
160000	 6.763046
160100	 6.762482
160200	 6.763067
160300	 6.762868
160400	 6.759453
160500	 6.762427
160600	 6.760551
160700	 6.762751
160800	 6.764125
160900	 6.759231
161000	 6.760934
161100	 6.763420
161200	 6.762299
161300	 6.766087
161400	 6.762519
161500	 6.760414
161600	 6.761753
161700	 6.767584
161800	 6.760334
161900	 6.765166
162000	 6.765837
162100	 6.761153
162200	 6.761067
162300	 6.760713
162400	 6.760933
162500	 6.763415
162600	 6.762474
162700	 6.769404
162800	 6.760068
162900	 6.762458
163000	 6.765084
163100	 6.759193
163200	 6.763990
163300	 6.762059
163400	 6.764445
163500	 6.759409
163600	 6.762799
163700	 6.760614
163800	 6.763712
163900	 6.762924
164000	 6.760611
164100	 6.764847
164200	 6.760046
164300	 6.760544
164400	 6.762713
164500	 6.761962
164600	 6.763243
164700	 6.761090
164800	 6.761076
164900	 6.757861
165000	 6.761055
165100	 6.757463
165200	 6.760779
165300	 6.758523
165400	 6.755879
165500	 6.759121
165600	 6.762907
165700	 6.761298
165800	 6.762091
165900	 6.763548
166000	 6.762125
166100	 6.761145
166200	 6.762565
166300	 6.766642
166400	 6.764732
166500	 6.756442
166600	 6.763969
166700	 6.760594
166800	 6.760651
166900	 6.765353
167000	 6.761854
167100	 6.756847
167200	 6.760532
167300	 6.762910
167400	 6.759709
167500	 6.760097
167600	 6.759182
167700	 6.762232
167800	 6.766642
167900	 6.763540
168000	 6.760939
168100	 6.761195
168200	 6.761075
168300	 6.766572
168400	 6.761337
168500	 6.758333
168600	 6.762038
168700	 6.763498
168800	 6.763162
168900	 6.761344
169000	 6.764278
169100	 6.762493
169200	 6.764568
169300	 6.761902
169400	 6.759906
169500	 6.762135
169600	 6.763094
169700	 6.764644
169800	 6.764127
169900	 6.764530
170000	 6.761693
170100	 6.762654
170200	 6.760276
170300	 6.763367
170400	 6.764729
170500	 6.760085
170600	 6.759273
170700	 6.761379
170800	 6.761601
170900	 6.762163
171000	 6.761126
171100	 6.763751
171200	 6.764075
171300	 6.760877
171400	 6.760949
171500	 6.761372
171600	 6.764984
171700	 6.761404
171800	 6.760828
171900	 6.760366
172000	 6.762661
172100	 6.762683
172200	 6.768307
172300	 6.759735
172400	 6.762593
172500	 6.763924
172600	 6.761237
172700	 6.764201
172800	 6.759678
172900	 6.764756
173000	 6.762041
173100	 6.759329
173200	 6.762933
173300	 6.760568
173400	 6.760420
173500	 6.761358
173600	 6.762764
173700	 6.763573
173800	 6.763108
173900	 6.759742
174000	 6.762322
174100	 6.764015
174200	 6.759431
174300	 6.763334
174400	 6.763980
174500	 6.764616
174600	 6.765371
174700	 6.760030
174800	 6.762988
174900	 6.760912
175000	 6.764974
175100	 6.762390
175200	 6.761819
175300	 6.760641
175400	 6.761172
175500	 6.761974
175600	 6.759589
175700	 6.761844
175800	 6.764927
175900	 6.763804
176000	 6.760489
176100	 6.762838
176200	 6.761328
176300	 6.761688
176400	 6.762970
176500	 6.758858
176600	 6.757391
176700	 6.762282
176800	 6.762417
176900	 6.756264
177000	 6.761853
177100	 6.761413
177200	 6.764558
177300	 6.765538
177400	 6.762566
177500	 6.761664
177600	 6.760831
177700	 6.761496
177800	 6.762892
177900	 6.762407
178000	 6.762936
178100	 6.760026
178200	 6.761880
178300	 6.761344
178400	 6.762921
178500	 6.761819
178600	 6.757390
178700	 6.760412
178800	 6.761080
178900	 6.759595
179000	 6.759244
179100	 6.763800
179200	 6.760202
179300	 6.766508
179400	 6.765883
179500	 6.762280
179600	 6.763448
179700	 6.762572
179800	 6.762263
179900	 6.761105
180000	 6.761190
180100	 6.761397
180200	 6.760221
180300	 6.761358
180400	 6.759667
180500	 6.763009
180600	 6.762179
180700	 6.765924
180800	 6.764152
180900	 6.762410
181000	 6.760167
181100	 6.763341
181200	 6.759171
181300	 6.762274
181400	 6.765891
181500	 6.763584
181600	 6.762994
181700	 6.763056
181800	 6.762526
181900	 6.760116
182000	 6.761952
182100	 6.760460
182200	 6.759950
182300	 6.765414
182400	 6.761840
182500	 6.764452
182600	 6.760068
182700	 6.761514
182800	 6.762299
182900	 6.764845
183000	 6.764212
183100	 6.760980
183200	 6.764263
183300	 6.761705
183400	 6.761053
183500	 6.759274
183600	 6.764181
183700	 6.761000
183800	 6.757308
183900	 6.765730
184000	 6.767023
184100	 6.763232
184200	 6.759651
184300	 6.759737
184400	 6.763134
184500	 6.757849
184600	 6.764029
184700	 6.761487
184800	 6.764053
184900	 6.762431
185000	 6.763611
185100	 6.761559
185200	 6.766333
185300	 6.760210
185400	 6.762161
185500	 6.761656
185600	 6.762508
185700	 6.762947
185800	 6.762547
185900	 6.759291
186000	 6.761870
186100	 6.762295
186200	 6.761750
186300	 6.763335
186400	 6.757463
186500	 6.762514
186600	 6.763419
186700	 6.761914
186800	 6.765856
186900	 6.763323
187000	 6.761422
187100	 6.762830
187200	 6.760944
187300	 6.759132
187400	 6.765073
187500	 6.762730
187600	 6.763493
187700	 6.760382
187800	 6.761124
187900	 6.761898
188000	 6.763648
188100	 6.761102
188200	 6.761469
188300	 6.761021
188400	 6.760886
188500	 6.763429
188600	 6.765400
188700	 6.760783
188800	 6.762661
188900	 6.759183
189000	 6.763427
189100	 6.760894
189200	 6.761976
189300	 6.766048
189400	 6.764227
189500	 6.763557
189600	 6.762580
189700	 6.764198
189800	 6.762551
189900	 6.762302
190000	 6.765104
190100	 6.761415
190200	 6.762034
190300	 6.762476
190400	 6.769056
190500	 6.760042
190600	 6.759482
190700	 6.761451
190800	 6.764340
190900	 6.761929
191000	 6.762701
191100	 6.764263
191200	 6.763436
191300	 6.765351
191400	 6.761718
191500	 6.759816
191600	 6.763826
191700	 6.762199
191800	 6.757292
191900	 6.763062
192000	 6.765109
192100	 6.763518
192200	 6.763636
192300	 6.763998
192400	 6.758584
192500	 6.762216
192600	 6.757761
192700	 6.760936
192800	 6.761038
192900	 6.762591
193000	 6.766467
193100	 6.761367
193200	 6.760127
193300	 6.764195
193400	 6.766605
193500	 6.766016
193600	 6.762012
193700	 6.760382
193800	 6.762339
193900	 6.760681
194000	 6.763281
194100	 6.760807
194200	 6.759013
194300	 6.759946
194400	 6.765407
194500	 6.764451
194600	 6.761465
194700	 6.759317
194800	 6.765931
194900	 6.760689
195000	 6.764994
195100	 6.763685
195200	 6.760236
195300	 6.761733
195400	 6.763802
195500	 6.768536
195600	 6.760305
195700	 6.762369
195800	 6.764380
195900	 6.761000
196000	 6.765144
196100	 6.760430
196200	 6.763869
196300	 6.760328
196400	 6.759301
196500	 6.759535
196600	 6.758083
196700	 6.760030
196800	 6.762546
196900	 6.761448
197000	 6.765318
197100	 6.766786
197200	 6.768365
197300	 6.761343
197400	 6.760277
197500	 6.761922
197600	 6.762561
197700	 6.760591
197800	 6.760486
197900	 6.761608
198000	 6.762413
198100	 6.763492
198200	 6.760315
198300	 6.763726
198400	 6.759396
198500	 6.763601
198600	 6.759129
198700	 6.760655
198800	 6.764613
198900	 6.765014
199000	 6.761056
199100	 6.762070
199200	 6.764751
199300	 6.762798
199400	 6.764677
199500	 6.766040
199600	 6.758980
199700	 6.761356
199800	 6.761120
199900	 6.763782
200000	 6.763595
200100	 6.764034
200200	 6.763169
200300	 6.763776
200400	 6.759939
200500	 6.761902
200600	 6.765186
200700	 6.761814
200800	 6.760040
200900	 6.764237
201000	 6.762030
201100	 6.760942
201200	 6.764638
201300	 6.760357
201400	 6.759770
201500	 6.763160
201600	 6.763141
201700	 6.760969
201800	 6.760930
201900	 6.757538
202000	 6.759546
202100	 6.761389
202200	 6.756008
202300	 6.757615
202400	 6.761817
202500	 6.760670
202600	 6.763698
202700	 6.761537
202800	 6.763033
202900	 6.762374
203000	 6.767820
203100	 6.759618
203200	 6.760680
203300	 6.762660
203400	 6.761002
203500	 6.764650
203600	 6.758048
203700	 6.758887
203800	 6.763183
203900	 6.759064
204000	 6.758601
204100	 6.761335
204200	 6.766111
204300	 6.764919
204400	 6.760497
204500	 6.761648
204600	 6.763663
204700	 6.763078
204800	 6.759103
204900	 6.763160
205000	 6.761951
205100	 6.762800
205200	 6.763269
205300	 6.762442
205400	 6.763723
205500	 6.759898
205600	 6.762591
205700	 6.763587
205800	 6.762146
205900	 6.766340
206000	 6.762349
206100	 6.762938
206200	 6.759970
206300	 6.764533
206400	 6.762681
206500	 6.758470
206600	 6.761531
206700	 6.762093
206800	 6.761232
206900	 6.763535
207000	 6.762646
207100	 6.762004
207200	 6.761770
207300	 6.761212
207400	 6.763826
207500	 6.760533
207600	 6.761681
207700	 6.760835
207800	 6.766187
207900	 6.762152
208000	 6.763112
208100	 6.763977
208200	 6.761297
208300	 6.759288
208400	 6.765811
208500	 6.763262
208600	 6.758000
208700	 6.762316
208800	 6.762439
208900	 6.760670
209000	 6.761414
209100	 6.764626
209200	 6.761660
209300	 6.761116
209400	 6.763751
209500	 6.759702
209600	 6.763553
209700	 6.764116
209800	 6.765319
209900	 6.761716
210000	 6.762248
210100	 6.762073
210200	 6.764208
210300	 6.761818
210400	 6.761535
210500	 6.760449
210600	 6.762245
210700	 6.758635
210800	 6.763689
210900	 6.765422
211000	 6.760367
211100	 6.761790
211200	 6.762062
211300	 6.764624
211400	 6.758161
211500	 6.757591
211600	 6.763171
211700	 6.760106
211800	 6.759544
211900	 6.759078
212000	 6.765611
212100	 6.765390
212200	 6.761654
212300	 6.760462
212400	 6.762591
212500	 6.762041
212600	 6.762766
212700	 6.762060
212800	 6.759369
212900	 6.763091
213000	 6.761575
213100	 6.763395
213200	 6.758283
213300	 6.759855
213400	 6.759848
213500	 6.759773
213600	 6.763163
213700	 6.759652
213800	 6.767999
213900	 6.764268
214000	 6.762448
214100	 6.763264
214200	 6.760924
214300	 6.762912
214400	 6.762970
214500	 6.758739
214600	 6.760442
214700	 6.760389
214800	 6.762305
214900	 6.764641
215000	 6.765111
215100	 6.761115
215200	 6.761092
215300	 6.762519
215400	 6.758822
215500	 6.766965
215600	 6.762435
215700	 6.763791
215800	 6.764282
215900	 6.760056
216000	 6.760896
216100	 6.762708
216200	 6.758793
216300	 6.763034
216400	 6.764468
216500	 6.762439
216600	 6.761915
216700	 6.761490
216800	 6.764440
216900	 6.763160
217000	 6.761798
217100	 6.763968
217200	 6.761556
217300	 6.758443
217400	 6.763094
217500	 6.761420
217600	 6.759097
217700	 6.768374
217800	 6.763883
217900	 6.759543
218000	 6.760001
218100	 6.762981
218200	 6.759680
218300	 6.763508
218400	 6.762482
218500	 6.762842
218600	 6.761563
218700	 6.767289
218800	 6.759352
218900	 6.762179
219000	 6.761653
219100	 6.762612
219200	 6.764430
219300	 6.760153
219400	 6.761555
219500	 6.761535
219600	 6.761743
219700	 6.759064
219800	 6.762833
219900	 6.761698
220000	 6.763124
220100	 6.765000
220200	 6.764480
220300	 6.760650
220400	 6.762475
220500	 6.759932
220600	 6.763462
220700	 6.762756
220800	 6.762030
220900	 6.761144
221000	 6.762445
221100	 6.763014
221200	 6.761630
221300	 6.761189
221400	 6.760176
221500	 6.762786
221600	 6.763973
221700	 6.762266
221800	 6.761838
221900	 6.759779
222000	 6.761610
222100	 6.763130
222200	 6.765492
222300	 6.763455
222400	 6.763316
222500	 6.761490
222600	 6.764385
222700	 6.763397
222800	 6.764529
222900	 6.762017
223000	 6.761587
223100	 6.764566
223200	 6.765049
223300	 6.759508
223400	 6.761323
223500	 6.763629
223600	 6.762265
223700	 6.763741
223800	 6.763419
223900	 6.763848
224000	 6.763026
224100	 6.760834
224200	 6.763058
224300	 6.758743
224400	 6.760435
224500	 6.767119
224600	 6.762386
224700	 6.764406
224800	 6.762761
224900	 6.758778
225000	 6.758419
225100	 6.761436
225200	 6.761990
225300	 6.762050
225400	 6.765514
225500	 6.760712
225600	 6.762085
225700	 6.767025
225800	 6.764828
225900	 6.762273
226000	 6.760505
226100	 6.764571
226200	 6.760329
226300	 6.761195
226400	 6.760234
226500	 6.759491
226600	 6.765086
226700	 6.765543
226800	 6.758307
226900	 6.763419
227000	 6.761371
227100	 6.765271
227200	 6.762394
227300	 6.762537
227400	 6.759980
227500	 6.768361
227600	 6.761032
227700	 6.762935
227800	 6.762604
227900	 6.763064
228000	 6.764291
228100	 6.762225
228200	 6.760522
228300	 6.760152
228400	 6.758224
228500	 6.758698
228600	 6.762769
228700	 6.761678
228800	 6.764158
228900	 6.765980
229000	 6.767639
229100	 6.762163
229200	 6.760130
229300	 6.761731
229400	 6.760332
229500	 6.761388
229600	 6.761652
229700	 6.763053
229800	 6.761291
229900	 6.762487
230000	 6.759774
230100	 6.763503
230200	 6.760340
230300	 6.761671
230400	 6.764271
230500	 6.762952
230600	 6.761897
230700	 6.763803
230800	 6.762312
230900	 6.766680
231000	 6.762429
231100	 6.761222
231200	 6.760813
231300	 6.762668
231400	 6.764027
231500	 6.764301
231600	 6.762579
231700	 6.761852
231800	 6.762658
231900	 6.762919
232000	 6.761461
232100	 6.761564
232200	 6.763734
232300	 6.760985
232400	 6.763740
232500	 6.762072
232600	 6.758853
232700	 6.763772
232800	 6.762523
232900	 6.762514
233000	 6.757531
233100	 6.759950
233200	 6.759375
233300	 6.757801
233400	 6.757482
233500	 6.762983
233600	 6.761083
233700	 6.763260
233800	 6.761271
233900	 6.762084
234000	 6.767431
234100	 6.758364
234200	 6.762824
234300	 6.759389
234400	 6.766012
234500	 6.760979
234600	 6.756772
234700	 6.763483
234800	 6.760903
234900	 6.757325
235000	 6.763725
235100	 6.766137
235200	 6.761064
235300	 6.761312
235400	 6.764069
235500	 6.762572
235600	 6.758071
235700	 6.764283
235800	 6.761448
235900	 6.764068
236000	 6.762833
236100	 6.763838
236200	 6.759883
236300	 6.761183
236400	 6.764611
236500	 6.764818
236600	 6.763678
236700	 6.762527
236800	 6.760240
236900	 6.765624
237000	 6.759662
237100	 6.760112
237200	 6.761237
237300	 6.761660
237400	 6.764182
237500	 6.761169
237600	 6.760320
237700	 6.763481
237800	 6.763646
237900	 6.761108
238000	 6.761396
238100	 6.761079
238200	 6.766515
238300	 6.762170
238400	 6.763296
238500	 6.761384
238600	 6.761065
238700	 6.763868
238800	 6.763281
238900	 6.760212
239000	 6.760662
239100	 6.762479
239200	 6.759415
239300	 6.764829
239400	 6.761498
239500	 6.761532
239600	 6.763580
239700	 6.761375
239800	 6.763781
239900	 6.765006
240000	 6.761989
240100	 6.761761
240200	 6.764028
240300	 6.761265
240400	 6.762014
240500	 6.761221
240600	 6.761689
240700	 6.760043
240800	 6.763405
240900	 6.764150
241000	 6.761428
241100	 6.761562
241200	 6.763417
241300	 6.760652
241400	 6.757268
241500	 6.762264
241600	 6.759496
241700	 6.760530
241800	 6.762765
241900	 6.764135
242000	 6.762930
242100	 6.760579
242200	 6.762475
242300	 6.762218
242400	 6.763614
242500	 6.760813
242600	 6.760592
242700	 6.763315
242800	 6.760774
242900	 6.759798
243000	 6.759860
243100	 6.759699
243200	 6.761307
243300	 6.759868
243400	 6.766039
243500	 6.765623
243600	 6.762675
243700	 6.762903
243800	 6.760986
243900	 6.762177
244000	 6.760560
244100	 6.762097
244200	 6.758694
244300	 6.763505
244400	 6.764316
244500	 6.763708
244600	 6.762331
244700	 6.761536
244800	 6.759697
244900	 6.763648
245000	 6.764383
245100	 6.763582
245200	 6.762641
245300	 6.761416
245400	 6.760804
245500	 6.760227
245600	 6.764025
245700	 6.762829
245800	 6.762017
245900	 6.761877
246000	 6.762280
246100	 6.763783
246200	 6.762517
246300	 6.762350
246400	 6.762763
246500	 6.759042
246600	 6.762913
246700	 6.760319
246800	 6.763190
246900	 6.766318
247000	 6.760937
247100	 6.760172
247200	 6.762044
247300	 6.760443
247400	 6.762605
247500	 6.764142
247600	 6.763224
247700	 6.761599
247800	 6.764342
247900	 6.759943
248000	 6.763153
248100	 6.761768
248200	 6.763438
248300	 6.760094
248400	 6.763392
248500	 6.760033
248600	 6.763153
248700	 6.759687
248800	 6.761871
248900	 6.762881
249000	 6.764296
249100	 6.762825
249200	 6.762999
249300	 6.759486
249400	 6.763446
249500	 6.763308
249600	 6.761368
249700	 6.760663
249800	 6.763134
249900	 6.763692
250000	 6.760658
250100	 6.760863
250200	 6.762022
250300	 6.762721
250400	 6.762978
250500	 6.761054
250600	 6.761974
250700	 6.761658
250800	 6.762147
250900	 6.765428
251000	 6.764729
251100	 6.760765
251200	 6.764577
251300	 6.762759
251400	 6.763405
251500	 6.761291
251600	 6.764693
251700	 6.766049
251800	 6.759080
251900	 6.761740
252000	 6.763640
252100	 6.762406
252200	 6.764162
252300	 6.762915
252400	 6.764729
252500	 6.760844
252600	 6.762318
252700	 6.758892
252800	 6.760433
252900	 6.765374
253000	 6.764304
253100	 6.763390
253200	 6.760362
253300	 6.760635
253400	 6.758694
253500	 6.761991
253600	 6.762962
253700	 6.765384
253800	 6.759185
253900	 6.766189
254000	 6.764543
254100	 6.763764
254200	 6.760270
254300	 6.764897
254400	 6.760561
254500	 6.761522
254600	 6.756957
254700	 6.763979
254800	 6.765139
254900	 6.760476
255000	 6.761575
255100	 6.763102
255200	 6.765175
255300	 6.761315
255400	 6.761626
255500	 6.763156
255600	 6.765834
255700	 6.762341
255800	 6.763396
255900	 6.762011
256000	 6.763459
256100	 6.763067
256200	 6.761579
256300	 6.758883
256400	 6.757853
256500	 6.760808
256600	 6.762064
256700	 6.763227
256800	 6.766823
256900	 6.766931
257000	 6.759567
257100	 6.761090
257200	 6.761902
257300	 6.758897
257400	 6.763116
257500	 6.763221
257600	 6.761916
257700	 6.762929
257800	 6.760029
257900	 6.763215
258000	 6.759413
258100	 6.763339
258200	 6.763278
258300	 6.762292
258400	 6.763716
258500	 6.762860
258600	 6.765948
258700	 6.760909
258800	 6.761710
258900	 6.762059
259000	 6.762849
259100	 6.764404
259200	 6.763103
259300	 6.762206
259400	 6.761005
259500	 6.764551
259600	 6.762270
259700	 6.761371
259800	 6.762781
259900	 6.762109
260000	 6.761917
260100	 6.760270
260200	 6.763235
260300	 6.762891
260400	 6.760749
260500	 6.758487
260600	 6.759344
260700	 6.758535
260800	 6.757478
260900	 6.761988
261000	 6.760638
261100	 6.762983
261200	 6.762417
261300	 6.764343
261400	 6.764728
261500	 6.758571
261600	 6.761252
261700	 6.763636
261800	 6.761476
261900	 6.758663
262000	 6.763108
262100	 6.758109
262200	 6.760140
262300	 6.765661
262400	 6.761744
262500	 6.761697
262600	 6.764218
262700	 6.762256
262800	 6.759556
262900	 6.763512
263000	 6.762188
263100	 6.761715
263200	 6.765338
263300	 6.761044
263400	 6.761734
263500	 6.763628
263600	 6.764897
263700	 6.762451
263800	 6.762591
263900	 6.761960
264000	 6.762608
264100	 6.760031
264200	 6.760859
264300	 6.761396
264400	 6.764568
264500	 6.760875
264600	 6.761472
264700	 6.762548
264800	 6.763263
264900	 6.759656
265000	 6.762517
265100	 6.764890
265200	 6.762392
265300	 6.764329
265400	 6.761027
265500	 6.760651
265600	 6.765396
265700	 6.760230
265800	 6.760998
265900	 6.761520
266000	 6.761161
266100	 6.763664
266200	 6.761428
266300	 6.762207
266400	 6.762275
266500	 6.762042
266600	 6.764586
266700	 6.763682
266800	 6.762232
266900	 6.762542
267000	 6.762626
267100	 6.761900
267200	 6.760713
267300	 6.762514
267400	 6.758874
267500	 6.765789
267600	 6.761756
267700	 6.761296
267800	 6.761960
267900	 6.762668
268000	 6.757573
268100	 6.762703
268200	 6.757914
268300	 6.761590
268400	 6.763539
268500	 6.765191
268600	 6.760701
268700	 6.761759
268800	 6.761986
268900	 6.763505
269000	 6.760201
269100	 6.761394
269200	 6.762135
269300	 6.760082
269400	 6.760806
269500	 6.759734
269600	 6.761044
269700	 6.760189
269800	 6.765418
269900	 6.765140
270000	 6.762625
270100	 6.763588
270200	 6.760739
270300	 6.762272
270400	 6.759126
270500	 6.759265
270600	 6.763022
270700	 6.765365
270800	 6.763364
270900	 6.762070
271000	 6.761723
271100	 6.761116
271200	 6.763536
271300	 6.764018
271400	 6.763716
271500	 6.760986
271600	 6.760750
271700	 6.759658
271800	 6.764103
271900	 6.762490
272000	 6.763200
272100	 6.760985
272200	 6.763628
272300	 6.762255
272400	 6.764229
272500	 6.761958
272600	 6.759536
272700	 6.763634
272800	 6.758194
272900	 6.765635
273000	 6.764764
273100	 6.759475
273200	 6.761474
273300	 6.760068
273400	 6.763836
273500	 6.763379
273600	 6.763166
273700	 6.762628
273800	 6.761595
273900	 6.762260
274000	 6.760601
274100	 6.765308
274200	 6.760461
274300	 6.762710
274400	 6.760388
274500	 6.762369
274600	 6.759969
274700	 6.763397
274800	 6.761410
274900	 6.765586
275000	 6.761728
275100	 6.760886
275200	 6.761980
275300	 6.764277
275400	 6.761198
275500	 6.761212
275600	 6.762571
275700	 6.762085
275800	 6.761636
275900	 6.761199
276000	 6.762113
276100	 6.764306
276200	 6.761311
276300	 6.761090
276400	 6.761914
276500	 6.763233
276600	 6.764494
276700	 6.763474
276800	 6.762641
276900	 6.763704
277000	 6.764036
277100	 6.761688
277200	 6.762238
277300	 6.767416
277400	 6.759077
277500	 6.761380
277600	 6.763435
277700	 6.762715
277800	 6.763085
277900	 6.764858
278000	 6.763013
278100	 6.760189
278200	 6.761051
278300	 6.759645
278400	 6.765413
278500	 6.764611
278600	 6.763557
278700	 6.759263
278800	 6.759139
278900	 6.760756
279000	 6.763166
279100	 6.764455
279200	 6.760333
279300	 6.764312
279400	 6.765187
279500	 6.763911
279600	 6.760948
279700	 6.761545
279800	 6.762566
279900	 6.760258
280000	 6.759210
280100	 6.765797
280200	 6.761969
280300	 6.761442
280400	 6.762806
280500	 6.765055
280600	 6.760769
280700	 6.761622
280800	 6.766768
280900	 6.761969
281000	 6.761931
281100	 6.763788
281200	 6.764573
281300	 6.761698
281400	 6.761786
281500	 6.757741
281600	 6.758775
281700	 6.761932
281800	 6.761246
281900	 6.765622
282000	 6.768720
282100	 6.761297
282200	 6.760536
282300	 6.761587
282400	 6.758970
282500	 6.763095
282600	 6.762097
282700	 6.762145
282800	 6.761378
282900	 6.763463
283000	 6.758898
283100	 6.763359
283200	 6.764740
283300	 6.761842
283400	 6.762776
283500	 6.762976
283600	 6.766447
283700	 6.760411
283800	 6.760246
283900	 6.763743
284000	 6.765935
284100	 6.760972
284200	 6.762386
284300	 6.762213
284400	 6.764314
284500	 6.761680
284600	 6.762254
284700	 6.761388
284800	 6.762773
284900	 6.760965
285000	 6.760286
285100	 6.763809
285200	 6.762120
285300	 6.757743
285400	 6.759807
285500	 6.759505
285600	 6.756602
285700	 6.762715
285800	 6.762215
285900	 6.762272
286000	 6.761879
286100	 6.765950
286200	 6.759282
286300	 6.763257
286400	 6.760773
286500	 6.762724
286600	 6.758783
286700	 6.762239
286800	 6.757507
286900	 6.763297
287000	 6.766277
287100	 6.760940
287200	 6.761874
287300	 6.762967
287400	 6.758953
287500	 6.764533
287600	 6.761629
287700	 6.761908
287800	 6.764954
287900	 6.760277
288000	 6.762143
288100	 6.763587
288200	 6.765728
288300	 6.762392
288400	 6.760848
288500	 6.763878
288600	 6.760021
288700	 6.760606
288800	 6.761993
288900	 6.763531
289000	 6.761170
289100	 6.762087
289200	 6.763288
289300	 6.761295
289400	 6.761976
289500	 6.761880
289600	 6.764336
289700	 6.763024
289800	 6.762097
289900	 6.761035
290000	 6.765431
290100	 6.758334
290200	 6.762674
290300	 6.761887
290400	 6.761723
290500	 6.763280
290600	 6.760699
290700	 6.763314
290800	 6.761381
290900	 6.764220
291000	 6.763663
291100	 6.762176
291200	 6.763958
291300	 6.761350
291400	 6.761577
291500	 6.761089
291600	 6.760148
291700	 6.764130
291800	 6.763055
291900	 6.761076
292000	 6.761369
292100	 6.762377
292200	 6.757922
292300	 6.762010
292400	 6.760101
292500	 6.760802
292600	 6.765383
292700	 6.762461
292800	 6.761744
292900	 6.761818
293000	 6.762733
293100	 6.760530
293200	 6.761591
293300	 6.762320
293400	 6.759365
293500	 6.760803
293600	 6.759146
293700	 6.762326
293800	 6.762338
293900	 6.765945
294000	 6.762652
294100	 6.764543
294200	 6.759355
294300	 6.762371
294400	 6.759920
294500	 6.760230
294600	 6.762334
294700	 6.765614
294800	 6.762164
294900	 6.762286
295000	 6.760055
295100	 6.764410
295200	 6.764278
295300	 6.762960
295400	 6.761205
295500	 6.761600
295600	 6.759446
295700	 6.763536
295800	 6.764110
295900	 6.761172
296000	 6.761575
296100	 6.765190
296200	 6.761723
296300	 6.762894
296400	 6.759221
296500	 6.763869
296600	 6.758478
296700	 6.766822
296800	 6.762580
296900	 6.759433
297000	 6.762432
297100	 6.761144
297200	 6.763142
297300	 6.762356
297400	 6.762589
297500	 6.763403
297600	 6.762170
297700	 6.760872
297800	 6.765023
297900	 6.759212
298000	 6.763326
298100	 6.760866
298200	 6.760622
298300	 6.762094
298400	 6.762506
298500	 6.764203
298600	 6.761933
298700	 6.761910
298800	 6.761649
298900	 6.763760
299000	 6.762279
299100	 6.762105
299200	 6.761817
299300	 6.760793
299400	 6.761784
299500	 6.762128
299600	 6.763953
299700	 6.762327
299800	 6.759277
299900	 6.762264
300000	 6.763336
300100	 6.764998
