200	 6.782166
300	 6.843720
400	 6.786529
500	 6.814986
600	 6.799221
700	 6.807785
800	 6.812992
900	 6.799021
1000	 6.806030
1100	 6.795771
1200	 6.811650
1300	 6.787642
1400	 6.811310
1500	 6.806904
1600	 6.807567
1700	 6.792992
1800	 6.787473
1900	 6.816806
2000	 6.800711
2100	 6.804376
2200	 6.808852
2300	 6.812544
2400	 6.808486
2500	 6.793628
2600	 6.798857
2700	 6.787247
2800	 6.804988
2900	 6.805212
3000	 6.814180
3100	 6.801423
3200	 6.806064
3300	 6.793488
3400	 6.804076
3500	 6.789950
3600	 6.792609
3700	 6.801359
3800	 6.805667
3900	 6.796850
4000	 6.797823
4100	 6.797858
4200	 6.805239
4300	 6.811917
4400	 6.804344
4500	 6.811169
4600	 6.810435
4700	 6.800123
4800	 6.804815
4900	 6.802486
5000	 6.811157
5100	 6.803478
5200	 6.800408
5300	 6.803076
5400	 6.802564
5500	 6.810252
5600	 6.800969
5700	 6.802908
5800	 6.795807
5900	 6.800520
6000	 6.801892
6100	 6.801496
6200	 6.806759
6300	 6.796941
6400	 6.807312
6500	 6.805765
6600	 6.794964
6700	 6.800228
6800	 6.799765
6900	 6.804373
7000	 6.802510
7100	 6.804536
7200	 6.802467
7300	 6.800141
7400	 6.808737
7500	 6.797727
7600	 6.795568
7700	 6.801145
7800	 6.808716
7900	 6.801414
8000	 6.799364
8100	 6.804795
8200	 6.804253
8300	 6.800761
8400	 6.803627
8500	 6.800492
8600	 6.801271
8700	 6.805226
8800	 6.797777
8900	 6.802774
9000	 6.798349
9100	 6.799361
9200	 6.801998
9300	 6.802194
9400	 6.801428
9500	 6.801449
9600	 6.803827
9700	 6.805063
9800	 6.803306
9900	 6.794740
10000	 6.801847
10100	 6.800999
10200	 6.805656
10300	 6.801743
10400	 6.799596
10500	 6.807996
10600	 6.801736
10700	 6.794520
10800	 6.806466
10900	 6.801029
11000	 6.799723
11100	 6.802282
11200	 6.804695
11300	 6.797417
11400	 6.803223
11500	 6.803691
11600	 6.804257
11700	 6.800118
11800	 6.808801
11900	 6.800434
12000	 6.800925
12100	 6.801030
12200	 6.802904
12300	 6.805035
12400	 6.799717
12500	 6.800836
12600	 6.801326
12700	 6.804127
12800	 6.806400
12900	 6.805389
13000	 6.804670
13100	 6.800390
13200	 6.799515
13300	 6.802420
13400	 6.808424
13500	 6.802155
13600	 6.809050
13700	 6.794910
13800	 6.803227
13900	 6.806580
14000	 6.804554
14100	 6.800005
14200	 6.804905
14300	 6.805060
14400	 6.799390
14500	 6.801901
14600	 6.805531
14700	 6.799723
14800	 6.805382
14900	 6.803154
15000	 6.803839
15100	 6.798305
15200	 6.802147
15300	 6.801514
15400	 6.803462
15500	 6.800936
15600	 6.805035
15700	 6.807576
15800	 6.799853
15900	 6.802638
16000	 6.800700
16100	 6.800923
16200	 6.803330
16300	 6.805264
16400	 6.801171
16500	 6.798160
16600	 6.801710
16700	 6.808176
16800	 6.801942
16900	 6.799993
17000	 6.802459
17100	 6.804151
17200	 6.805787
17300	 6.798476
17400	 6.802081
17500	 6.802679
17600	 6.802951
17700	 6.806363
17800	 6.804627
17900	 6.801515
18000	 6.800993
18100	 6.802287
18200	 6.799618
18300	 6.804082
18400	 6.802077
18500	 6.799733
18600	 6.799512
18700	 6.799926
18800	 6.807334
18900	 6.802009
19000	 6.804931
19100	 6.807313
19200	 6.803482
19300	 6.807962
19400	 6.800779
19500	 6.803622
19600	 6.804736
19700	 6.803968
19800	 6.801160
19900	 6.801468
20000	 6.800271
20100	 6.802183
20200	 6.797315
20300	 6.798386
20400	 6.804467
20500	 6.803458
20600	 6.803403
20700	 6.802957
20800	 6.803217
20900	 6.803654
21000	 6.805085
21100	 6.804118
21200	 6.803580
21300	 6.796727
21400	 6.802816
21500	 6.803971
21600	 6.804009
21700	 6.806469
21800	 6.801687
21900	 6.802165
22000	 6.803857
22100	 6.803294
22200	 6.802026
22300	 6.802298
22400	 6.801507
22500	 6.803263
22600	 6.800972
22700	 6.801922
22800	 6.803564
22900	 6.801480
23000	 6.800619
23100	 6.799611
23200	 6.800145
23300	 6.802800
23400	 6.805552
23500	 6.804934
23600	 6.804091
23700	 6.807644
23800	 6.798635
23900	 6.801781
24000	 6.800949
24100	 6.806033
24200	 6.801201
24300	 6.804105
24400	 6.805385
24500	 6.804384
24600	 6.800353
24700	 6.801234
24800	 6.800309
24900	 6.801734
25000	 6.803270
25100	 6.807435
25200	 6.808072
25300	 6.801597
25400	 6.804138
25500	 6.801659
25600	 6.803870
25700	 6.804946
25800	 6.800028
25900	 6.800343
26000	 6.803491
26100	 6.801812
26200	 6.803830
26300	 6.800793
26400	 6.801529
26500	 6.803480
26600	 6.800096
26700	 6.798743
26800	 6.799389
26900	 6.803700
27000	 6.800278
27100	 6.801337
27200	 6.801089
27300	 6.804843
27400	 6.802316
27500	 6.808441
27600	 6.804832
27700	 6.807328
27800	 6.799406
27900	 6.801467
28000	 6.799830
28100	 6.805338
28200	 6.799658
28300	 6.800303
28400	 6.800916
28500	 6.800179
28600	 6.801742
28700	 6.801546
28800	 6.801378
28900	 6.802413
29000	 6.800900
29100	 6.800448
29200	 6.805287
29300	 6.798552
29400	 6.801425
29500	 6.804572
29600	 6.802864
29700	 6.800306
29800	 6.800364
29900	 6.804615
30000	 6.803463
30100	 6.802230
30200	 6.803146
30300	 6.798885
30400	 6.803730
30500	 6.806466
30600	 6.803165
30700	 6.805859
30800	 6.805302
30900	 6.798694
31000	 6.800274
31100	 6.802012
31200	 6.804003
31300	 6.804180
31400	 6.802963
31500	 6.806846
31600	 6.801759
31700	 6.802623
31800	 6.806440
31900	 6.799273
32000	 6.803801
32100	 6.802844
32200	 6.801792
32300	 6.802772
32400	 6.800336
32500	 6.802793
32600	 6.802107
32700	 6.802455
32800	 6.801602
32900	 6.804981
33000	 6.803332
33100	 6.802803
33200	 6.800211
33300	 6.800714
33400	 6.802693
33500	 6.803567
33600	 6.802217
33700	 6.798008
33800	 6.799806
33900	 6.800553
34000	 6.802248
34100	 6.799584
34200	 6.800229
34300	 6.801447
34400	 6.802312
34500	 6.800356
34600	 6.801661
34700	 6.803483
34800	 6.801248
34900	 6.803248
35000	 6.805537
35100	 6.802602
35200	 6.798925
35300	 6.804591
35400	 6.801181
35500	 6.802699
35600	 6.804440
35700	 6.802979
35800	 6.798474
35900	 6.802852
36000	 6.804532
36100	 6.798691
36200	 6.802543
36300	 6.804483
36400	 6.806295
36500	 6.801962
36600	 6.800168
36700	 6.802660
36800	 6.804318
36900	 6.804877
37000	 6.803849
37100	 6.801223
37200	 6.800979
37300	 6.801988
37400	 6.803292
37500	 6.804681
37600	 6.803217
37700	 6.804834
37800	 6.801271
37900	 6.804369
38000	 6.800155
38100	 6.805823
38200	 6.805045
38300	 6.803218
38400	 6.803319
38500	 6.800812
38600	 6.803419
38700	 6.803562
38800	 6.801214
38900	 6.801365
39000	 6.802288
39100	 6.802268
39200	 6.801216
39300	 6.803408
39400	 6.805625
39500	 6.799152
39600	 6.802726
39700	 6.801510
39800	 6.803746
39900	 6.802436
40000	 6.800352
40100	 6.803042
40200	 6.806434
40300	 6.803655
40400	 6.805673
40500	 6.801754
40600	 6.800862
40700	 6.802151
40800	 6.804300
40900	 6.805228
41000	 6.801005
41100	 6.803078
41200	 6.802856
41300	 6.800350
41400	 6.798477
41500	 6.803377
41600	 6.802773
41700	 6.803222
41800	 6.802167
41900	 6.802731
42000	 6.801987
42100	 6.800874
42200	 6.802946
42300	 6.801189
42400	 6.801476
42500	 6.801441
42600	 6.803929
42700	 6.801633
42800	 6.803614
42900	 6.800284
43000	 6.802616
43100	 6.799379
43200	 6.802844
43300	 6.805770
43400	 6.799799
43500	 6.802239
43600	 6.803299
43700	 6.803545
43800	 6.801070
43900	 6.802102
44000	 6.801662
44100	 6.803179
44200	 6.803482
44300	 6.802776
44400	 6.802850
44500	 6.802864
44600	 6.800394
44700	 6.804400
44800	 6.803616
44900	 6.800387
45000	 6.804627
45100	 6.800257
45200	 6.804616
45300	 6.803117
45400	 6.801184
45500	 6.801995
45600	 6.800772
45700	 6.800974
45800	 6.803477
45900	 6.803011
46000	 6.804688
46100	 6.804075
46200	 6.804331
46300	 6.804052
46400	 6.802086
46500	 6.804016
46600	 6.801204
46700	 6.802097
46800	 6.799708
46900	 6.803051
47000	 6.802827
47100	 6.804957
47200	 6.802088
47300	 6.803206
47400	 6.800094
47500	 6.801427
47600	 6.803960
47700	 6.804990
47800	 6.801948
47900	 6.802064
48000	 6.800863
48100	 6.802917
48200	 6.802503
48300	 6.802019
48400	 6.801507
48500	 6.802626
48600	 6.801875
48700	 6.803688
48800	 6.803770
48900	 6.802500
49000	 6.803884
49100	 6.803745
49200	 6.802931
49300	 6.800755
49400	 6.799884
49500	 6.807767
49600	 6.803266
49700	 6.800312
49800	 6.802419
49900	 6.801955
50000	 6.803431
50100	 6.802824
50200	 6.803974
50300	 6.803716
50400	 6.806767
50500	 6.803234
50600	 6.802049
50700	 6.803329
50800	 6.804019
50900	 6.802242
51000	 6.804587
51100	 6.799449
51200	 6.804069
51300	 6.802134
51400	 6.801942
51500	 6.803498
51600	 6.805808
51700	 6.801918
51800	 6.803453
51900	 6.800970
52000	 6.805032
52100	 6.801462
52200	 6.802305
52300	 6.803076
52400	 6.802049
52500	 6.801371
52600	 6.801017
52700	 6.801854
52800	 6.801855
52900	 6.802433
53000	 6.801299
53100	 6.803419
53200	 6.802139
53300	 6.802106
53400	 6.804542
53500	 6.802783
53600	 6.803741
53700	 6.803514
53800	 6.802128
53900	 6.802924
54000	 6.801359
54100	 6.804102
54200	 6.801347
54300	 6.802782
54400	 6.802939
54500	 6.801087
54600	 6.802897
54700	 6.803678
54800	 6.802822
54900	 6.802089
55000	 6.800507
55100	 6.802088
55200	 6.806577
55300	 6.803178
55400	 6.804466
55500	 6.800588
55600	 6.799471
55700	 6.803303
55800	 6.803712
55900	 6.804068
56000	 6.799917
56100	 6.804776
56200	 6.803550
56300	 6.803741
56400	 6.800991
56500	 6.802426
56600	 6.802357
56700	 6.800612
56800	 6.801703
56900	 6.805594
57000	 6.802051
57100	 6.803047
57200	 6.803008
57300	 6.804882
57400	 6.799701
57500	 6.803105
57600	 6.807770
57700	 6.801845
57800	 6.803308
57900	 6.800947
58000	 6.802803
58100	 6.802141
58200	 6.801041
58300	 6.799670
58400	 6.802988
58500	 6.800076
58600	 6.805817
58700	 6.806250
58800	 6.800397
58900	 6.802667
59000	 6.800610
59100	 6.800768
59200	 6.801491
59300	 6.801805
59400	 6.800458
59500	 6.802125
59600	 6.803411
59700	 6.801142
59800	 6.802168
59900	 6.804070
60000	 6.800530
60100	 6.804605
60200	 6.804700
60300	 6.802187
60400	 6.800601
60500	 6.804466
60600	 6.804986
60700	 6.802100
60800	 6.803260
60900	 6.801993
61000	 6.802992
61100	 6.801580
61200	 6.802075
61300	 6.802685
61400	 6.803786
61500	 6.802237
61600	 6.801259
61700	 6.802666
61800	 6.799907
61900	 6.800947
62000	 6.799880
62100	 6.801015
62200	 6.800739
62300	 6.802665
62400	 6.801791
62500	 6.804652
62600	 6.800519
62700	 6.803416
62800	 6.802446
62900	 6.802575
63000	 6.801585
63100	 6.803201
63200	 6.801262
63300	 6.805800
63400	 6.800533
63500	 6.802386
63600	 6.805644
63700	 6.801780
63800	 6.801099
63900	 6.803829
64000	 6.803570
64100	 6.803306
64200	 6.802151
64300	 6.804369
64400	 6.804611
64500	 6.802591
64600	 6.802004
64700	 6.802856
64800	 6.800839
64900	 6.803716
65000	 6.801547
65100	 6.803021
65200	 6.802086
65300	 6.802086
65400	 6.801430
65500	 6.802912
65600	 6.805947
65700	 6.803298
65800	 6.801971
65900	 6.802453
66000	 6.805398
66100	 6.801454
66200	 6.801988
66300	 6.799778
66400	 6.802709
66500	 6.803628
66600	 6.802443
66700	 6.801222
66800	 6.802305
66900	 6.801597
67000	 6.801400
67100	 6.803324
67200	 6.802585
67300	 6.800798
67400	 6.801256
67500	 6.804497
67600	 6.800345
67700	 6.803616
67800	 6.802028
67900	 6.802124
68000	 6.802887
68100	 6.802442
68200	 6.803194
68300	 6.802442
68400	 6.802686
68500	 6.801915
68600	 6.803782
68700	 6.801895
68800	 6.803609
68900	 6.801519
69000	 6.800909
69100	 6.802184
69200	 6.802657
69300	 6.805082
69400	 6.803692
69500	 6.803531
69600	 6.803145
69700	 6.802185
69800	 6.800030
69900	 6.802871
70000	 6.804717
70100	 6.802268
70200	 6.800986
70300	 6.802816
70400	 6.804097
70500	 6.801947
70600	 6.801546
70700	 6.802306
70800	 6.802519
70900	 6.802080
71000	 6.801614
71100	 6.803024
71200	 6.803626
71300	 6.803415
71400	 6.802978
71500	 6.801988
71600	 6.803196
71700	 6.804365
71800	 6.800414
71900	 6.803035
72000	 6.803137
72100	 6.803095
72200	 6.804425
72300	 6.804607
72400	 6.802828
72500	 6.804401
72600	 6.802106
72700	 6.803510
72800	 6.801765
72900	 6.802066
73000	 6.802653
73100	 6.805136
73200	 6.802798
73300	 6.801524
73400	 6.803849
73500	 6.803044
73600	 6.801719
73700	 6.801889
73800	 6.801121
73900	 6.801713
74000	 6.802214
74100	 6.801586
74200	 6.802696
74300	 6.802373
74400	 6.803109
74500	 6.803452
74600	 6.804357
74700	 6.802310
74800	 6.801623
74900	 6.803505
75000	 6.802235
75100	 6.802889
75200	 6.801884
75300	 6.802586
75400	 6.803404
75500	 6.801405
75600	 6.802025
75700	 6.804919
75800	 6.803995
75900	 6.801544
76000	 6.800238
76100	 6.803102
76200	 6.804615
76300	 6.801597
76400	 6.803830
76500	 6.803161
76600	 6.802094
76700	 6.802058
76800	 6.800196
76900	 6.804345
77000	 6.803340
77100	 6.803356
77200	 6.803067
77300	 6.801231
77400	 6.803793
77500	 6.804698
77600	 6.803575
77700	 6.801416
77800	 6.802023
77900	 6.801771
78000	 6.800097
78100	 6.801295
78200	 6.805088
78300	 6.804493
78400	 6.800790
78500	 6.801925
78600	 6.800929
78700	 6.801343
78800	 6.801227
78900	 6.801892
79000	 6.802748
79100	 6.801969
79200	 6.803453
79300	 6.801727
79400	 6.805190
79500	 6.801852
79600	 6.803074
79700	 6.803680
79800	 6.803389
79900	 6.802437
80000	 6.802895
80100	 6.801348
80200	 6.802278
80300	 6.803053
80400	 6.802598
80500	 6.802300
80600	 6.800926
80700	 6.800352
80800	 6.799835
80900	 6.801696
81000	 6.801749
81100	 6.802270
81200	 6.803916
81300	 6.801816
81400	 6.802473
81500	 6.802042
81600	 6.802787
81700	 6.801631
81800	 6.804744
81900	 6.801311
82000	 6.804088
82100	 6.802407
82200	 6.801541
82300	 6.804086
82400	 6.803384
82500	 6.802253
82600	 6.805056
82700	 6.803200
82800	 6.802087
82900	 6.802339
83000	 6.802341
83100	 6.801992
83200	 6.802559
83300	 6.801938
83400	 6.802612
83500	 6.802057
83600	 6.805354
83700	 6.803293
83800	 6.801152
83900	 6.805580
84000	 6.801515
84100	 6.801013
84200	 6.801420
84300	 6.803748
84400	 6.802485
84500	 6.800841
84600	 6.801928
84700	 6.801822
84800	 6.803085
84900	 6.801101
85000	 6.801347
85100	 6.804082
85200	 6.801156
85300	 6.803989
85400	 6.801181
85500	 6.803009
85600	 6.802294
85700	 6.802716
85800	 6.802553
85900	 6.802176
86000	 6.802065
86100	 6.804052
86200	 6.802048
86300	 6.800683
86400	 6.802567
86500	 6.805165
86600	 6.803789
86700	 6.803111
86800	 6.802124
86900	 6.801101
87000	 6.802431
87100	 6.803431
87200	 6.802799
87300	 6.801115
87400	 6.804854
87500	 6.802234
87600	 6.801603
87700	 6.802968
87800	 6.801144
87900	 6.802032
88000	 6.803778
88100	 6.803180
88200	 6.802763
88300	 6.801814
88400	 6.804456
88500	 6.801952
88600	 6.802659
88700	 6.802925
88800	 6.803618
88900	 6.805013
89000	 6.802813
89100	 6.803915
89200	 6.801596
89300	 6.802769
89400	 6.802349
89500	 6.803095
89600	 6.805314
89700	 6.801894
89800	 6.802480
89900	 6.802505
90000	 6.802003
90100	 6.802941
90200	 6.801212
90300	 6.801962
90400	 6.801336
90500	 6.802762
90600	 6.803206
90700	 6.803518
90800	 6.803150
90900	 6.802514
91000	 6.802428
91100	 6.802547
91200	 6.801675
91300	 6.803161
91400	 6.802648
91500	 6.802488
91600	 6.801043
91700	 6.805349
91800	 6.803542
91900	 6.801400
92000	 6.801675
92100	 6.803333
92200	 6.802110
92300	 6.803778
92400	 6.803290
92500	 6.801660
92600	 6.801588
92700	 6.802879
92800	 6.803409
92900	 6.802383
93000	 6.803676
93100	 6.801502
93200	 6.805516
93300	 6.803346
93400	 6.801476
93500	 6.802333
93600	 6.799800
93700	 6.801730
93800	 6.804595
93900	 6.803440
94000	 6.802116
94100	 6.800634
94200	 6.801262
94300	 6.801009
94400	 6.802735
94500	 6.801712
94600	 6.802957
94700	 6.801841
94800	 6.805273
94900	 6.801607
95000	 6.803366
95100	 6.803841
95200	 6.802349
95300	 6.803079
95400	 6.802359
95500	 6.801786
95600	 6.803486
95700	 6.801316
95800	 6.801691
95900	 6.800074
96000	 6.800465
96100	 6.801387
96200	 6.802162
96300	 6.803604
96400	 6.802240
96500	 6.802961
96600	 6.801101
96700	 6.801212
96800	 6.805748
96900	 6.801358
97000	 6.804256
97100	 6.801615
97200	 6.803154
97300	 6.803749
97400	 6.802023
97500	 6.805309
97600	 6.802421
97700	 6.802454
97800	 6.801930
97900	 6.802129
98000	 6.802786
98100	 6.801700
98200	 6.802015
98300	 6.804698
98400	 6.803649
98500	 6.801651
98600	 6.804841
98700	 6.801974
98800	 6.800065
98900	 6.803472
99000	 6.802382
99100	 6.801686
99200	 6.801535
99300	 6.802650
99400	 6.802310
99500	 6.800674
99600	 6.803781
99700	 6.801235
99800	 6.803057
99900	 6.801630
100000	 6.802883
100100	 6.803810
100200	 6.802257
100300	 6.801586
100400	 6.802837
100500	 6.803973
100600	 6.800502
100700	 6.802322
100800	 6.803559
100900	 6.804282
101000	 6.803320
101100	 6.802036
101200	 6.800637
101300	 6.804408
101400	 6.802633
101500	 6.800629
101600	 6.804412
101700	 6.802115
101800	 6.802046
101900	 6.802076
102000	 6.802059
102100	 6.803383
102200	 6.803500
102300	 6.803053
102400	 6.800820
102500	 6.804522
102600	 6.802623
102700	 6.802469
102800	 6.803658
102900	 6.804863
103000	 6.802310
103100	 6.803689
103200	 6.802755
103300	 6.801751
103400	 6.803254
103500	 6.804623
103600	 6.802220
103700	 6.803187
103800	 6.801676
103900	 6.802202
104000	 6.801547
104100	 6.802307
104200	 6.801325
104300	 6.802626
104400	 6.802727
104500	 6.804137
104600	 6.802439
104700	 6.802506
104800	 6.802656
104900	 6.802950
105000	 6.802161
105100	 6.803379
105200	 6.801104
105300	 6.803294
105400	 6.804404
105500	 6.801437
105600	 6.801915
105700	 6.803533
105800	 6.803079
105900	 6.803277
106000	 6.801601
106100	 6.801544
106200	 6.803234
106300	 6.802353
106400	 6.804073
106500	 6.801778
106600	 6.805428
106700	 6.802886
106800	 6.801432
106900	 6.802426
107000	 6.800350
107100	 6.801682
107200	 6.806010
107300	 6.801200
107400	 6.801033
107500	 6.801155
107600	 6.802069
107700	 6.802572
107800	 6.801327
107900	 6.802377
108000	 6.804043
108100	 6.802038
108200	 6.803547
108300	 6.803576
108400	 6.803032
108500	 6.802530
108600	 6.801736
108700	 6.803136
108800	 6.801233
108900	 6.802380
109000	 6.800181
109100	 6.800651
109200	 6.801545
109300	 6.803009
109400	 6.802424
109500	 6.802878
109600	 6.801552
109700	 6.801295
109800	 6.805448
109900	 6.801158
110000	 6.803842
110100	 6.802141
110200	 6.803691
110300	 6.802809
110400	 6.804515
110500	 6.802182
110600	 6.802860
110700	 6.801835
110800	 6.802769
110900	 6.801672
111000	 6.802625
111100	 6.803778
111200	 6.803780
111300	 6.801681
111400	 6.803081
111500	 6.802665
111600	 6.801201
111700	 6.803266
111800	 6.801347
111900	 6.802175
112000	 6.802508
112100	 6.801637
112200	 6.801398
112300	 6.802408
112400	 6.803446
112500	 6.801802
112600	 6.803021
112700	 6.803079
112800	 6.802279
112900	 6.801915
113000	 6.803418
113100	 6.801780
113200	 6.801346
113300	 6.803006
113400	 6.804742
113500	 6.803367
113600	 6.802302
113700	 6.801101
113800	 6.803319
113900	 6.802211
114000	 6.803161
114100	 6.802732
114200	 6.801737
114300	 6.802585
114400	 6.801444
114500	 6.803433
114600	 6.803458
114700	 6.802841
114800	 6.803162
114900	 6.801528
115000	 6.803179
115100	 6.803663
115200	 6.804535
115300	 6.802209
115400	 6.803722
115500	 6.802705
115600	 6.802010
115700	 6.803984
115800	 6.802987
115900	 6.803053
116000	 6.802460
116100	 6.801937
116200	 6.801759
116300	 6.801691
116400	 6.802388
116500	 6.802697
116600	 6.802811
116700	 6.803308
116800	 6.802269
116900	 6.802581
117000	 6.802903
117100	 6.802441
117200	 6.802669
117300	 6.801190
117400	 6.805077
117500	 6.802444
117600	 6.801534
117700	 6.803377
117800	 6.803300
117900	 6.802611
118000	 6.802115
118100	 6.800924
118200	 6.804794
118300	 6.801915
118400	 6.803279
118500	 6.804272
118600	 6.803244
118700	 6.801553
118800	 6.801667
118900	 6.801232
119000	 6.803076
119100	 6.803517
119200	 6.801500
119300	 6.801145
119400	 6.800956
119500	 6.803000
119600	 6.801810
119700	 6.802244
119800	 6.804440
119900	 6.801585
120000	 6.804608
120100	 6.802561
120200	 6.802822
120300	 6.801962
120400	 6.802744
120500	 6.801746
120600	 6.801638
120700	 6.800848
120800	 6.801030
120900	 6.801661
121000	 6.803293
121100	 6.801508
121200	 6.802340
121300	 6.801929
121400	 6.804699
121500	 6.801782
121600	 6.803233
121700	 6.802509
121800	 6.803538
121900	 6.803328
122000	 6.803533
122100	 6.802788
122200	 6.801872
122300	 6.802137
122400	 6.802112
122500	 6.802111
122600	 6.804564
122700	 6.802964
122800	 6.803441
122900	 6.802024
123000	 6.801354
123100	 6.802875
123200	 6.801600
123300	 6.802066
123400	 6.802375
123500	 6.801426
123600	 6.802195
123700	 6.802218
123800	 6.802637
123900	 6.802633
124000	 6.802807
124100	 6.802103
124200	 6.802768
124300	 6.803389
124400	 6.802062
124500	 6.801181
124600	 6.803719
124700	 6.804184
124800	 6.802542
124900	 6.801225
125000	 6.803610
125100	 6.802480
125200	 6.802083
125300	 6.803318
125400	 6.801718
125500	 6.802115
125600	 6.802532
125700	 6.803161
125800	 6.803061
125900	 6.801714
126000	 6.804074
126100	 6.801973
126200	 6.803325
126300	 6.805153
126400	 6.801911
126500	 6.803452
126600	 6.803020
126700	 6.802535
126800	 6.804211
126900	 6.801475
127000	 6.803455
127100	 6.802201
127200	 6.801556
127300	 6.802045
127400	 6.802384
127500	 6.803007
127600	 6.802765
127700	 6.803041
127800	 6.802305
127900	 6.802669
128000	 6.802422
128100	 6.803215
128200	 6.801050
128300	 6.804537
128400	 6.802723
128500	 6.801359
128600	 6.803759
128700	 6.802918
128800	 6.802582
128900	 6.801779
129000	 6.802412
129100	 6.802656
129200	 6.804137
129300	 6.802189
129400	 6.804087
129500	 6.802136
129600	 6.801812
129700	 6.801222
129800	 6.803779
129900	 6.802161
130000	 6.801455
130100	 6.801447
130200	 6.801540
130300	 6.801894
130400	 6.802966
130500	 6.803713
130600	 6.801875
130700	 6.804693
130800	 6.802201
130900	 6.803050
131000	 6.801394
131100	 6.803593
131200	 6.801691
131300	 6.800376
131400	 6.800643
131500	 6.801890
131600	 6.803342
131700	 6.801685
131800	 6.802290
131900	 6.801290
132000	 6.804431
132100	 6.803238
132200	 6.802096
132300	 6.803128
132400	 6.802846
132500	 6.804426
132600	 6.802413
132700	 6.801859
132800	 6.802781
132900	 6.802015
133000	 6.802150
133100	 6.804294
133200	 6.803439
133300	 6.803073
133400	 6.801793
133500	 6.801340
133600	 6.802890
133700	 6.801887
133800	 6.801780
133900	 6.802281
134000	 6.801194
134100	 6.802874
134200	 6.802624
134300	 6.802398
134400	 6.802867
134500	 6.802416
134600	 6.802917
134700	 6.802894
134800	 6.801209
134900	 6.802389
135000	 6.804570
135100	 6.803311
135200	 6.801426
135300	 6.802868
135400	 6.802676
135500	 6.802526
135600	 6.802328
135700	 6.802313
135800	 6.801542
135900	 6.803085
136000	 6.803450
136100	 6.802436
136200	 6.803755
136300	 6.802298
136400	 6.802781
136500	 6.804504
136600	 6.802338
136700	 6.803295
136800	 6.802844
136900	 6.802448
137000	 6.803835
137100	 6.803117
137200	 6.802015
137300	 6.802090
137400	 6.801476
137500	 6.802214
137600	 6.802492
137700	 6.803224
137800	 6.803235
137900	 6.802713
138000	 6.801792
138100	 6.802909
138200	 6.802797
138300	 6.801548
138400	 6.804682
138500	 6.800950
138600	 6.803322
138700	 6.803068
138800	 6.803117
138900	 6.802365
139000	 6.801640
139100	 6.802892
139200	 6.803913
139300	 6.802769
139400	 6.803927
139500	 6.801984
139600	 6.800484
139700	 6.801762
139800	 6.805062
139900	 6.801388
140000	 6.800897
140100	 6.801913
140200	 6.801872
140300	 6.802925
140400	 6.803260
140500	 6.801864
140600	 6.803997
140700	 6.803132
140800	 6.802200
140900	 6.802217
141000	 6.802453
141100	 6.801607
141200	 6.800356
141300	 6.801433
141400	 6.802609
141500	 6.802512
141600	 6.802379
141700	 6.801172
141800	 6.803955
141900	 6.803481
142000	 6.801935
142100	 6.803511
142200	 6.803128
142300	 6.803610
142400	 6.802582
142500	 6.802012
142600	 6.802002
142700	 6.802995
142800	 6.803132
142900	 6.803251
143000	 6.803754
143100	 6.801434
143200	 6.801573
143300	 6.803088
143400	 6.801325
143500	 6.802301
143600	 6.801848
143700	 6.802718
143800	 6.802277
143900	 6.801679
144000	 6.802965
144100	 6.802245
144200	 6.802661
144300	 6.803382
144400	 6.801313
144500	 6.802481
144600	 6.804239
144700	 6.802963
144800	 6.801260
144900	 6.803848
145000	 6.801341
145100	 6.803863
145200	 6.801709
145300	 6.802546
145400	 6.802126
145500	 6.803011
145600	 6.803183
145700	 6.803447
145800	 6.802067
145900	 6.803082
146000	 6.804537
146100	 6.802458
146200	 6.803797
146300	 6.801589
146400	 6.803573
146500	 6.803247
146600	 6.802723
146700	 6.802184
146800	 6.801495
146900	 6.802109
147000	 6.802114
147100	 6.803923
147200	 6.802538
147300	 6.802429
147400	 6.802017
147500	 6.802949
147600	 6.802664
147700	 6.802312
147800	 6.804350
147900	 6.801081
148000	 6.803595
148100	 6.802665
148200	 6.802802
148300	 6.800893
148400	 6.803914
148500	 6.803086
148600	 6.802130
148700	 6.804493
148800	 6.802198
148900	 6.800823
149000	 6.801803
149100	 6.804340
149200	 6.801275
149300	 6.801512
149400	 6.801488
149500	 6.802344
149600	 6.802269
149700	 6.804019
149800	 6.802697
149900	 6.803479
150000	 6.802860
150100	 6.801436
150200	 6.802588
150300	 6.802102
150400	 6.800267
150500	 6.801173
150600	 6.803202
150700	 6.802088
150800	 6.801844
150900	 6.802327
151000	 6.803428
151100	 6.803382
151200	 6.802578
151300	 6.803325
151400	 6.803800
151500	 6.802621
151600	 6.802042
151700	 6.802494
151800	 6.802597
151900	 6.802784
152000	 6.803170
152100	 6.803317
152200	 6.801759
152300	 6.802085
152400	 6.801970
152500	 6.801852
152600	 6.803000
152700	 6.800702
152800	 6.802916
152900	 6.802630
153000	 6.802643
153100	 6.802565
153200	 6.802056
153300	 6.803516
153400	 6.801576
153500	 6.802281
153600	 6.804342
153700	 6.802832
153800	 6.801415
153900	 6.803447
154000	 6.801920
154100	 6.803307
154200	 6.801721
154300	 6.802275
154400	 6.802846
154500	 6.803365
154600	 6.802381
154700	 6.802542
154800	 6.802911
154900	 6.804752
155000	 6.802496
155100	 6.803701
155200	 6.801907
155300	 6.803772
155400	 6.802452
155500	 6.803002
155600	 6.802348
155700	 6.801382
155800	 6.802215
155900	 6.802950
156000	 6.803023
156100	 6.802623
156200	 6.802531
156300	 6.802469
156400	 6.803055
156500	 6.801363
156600	 6.804718
156700	 6.800881
156800	 6.803928
156900	 6.802679
157000	 6.802424
157100	 6.801308
157200	 6.803427
157300	 6.803455
157400	 6.804034
157500	 6.802123
157600	 6.802354
157700	 6.800989
157800	 6.803975
157900	 6.801648
158000	 6.801071
158100	 6.801542
158200	 6.802119
158300	 6.802569
158400	 6.804048
158500	 6.802480
158600	 6.803414
158700	 6.802493
158800	 6.802048
158900	 6.802079
159000	 6.801541
159100	 6.800620
159200	 6.801839
159300	 6.802286
159400	 6.803711
159500	 6.801332
159600	 6.803104
159700	 6.803589
159800	 6.801658
159900	 6.803669
160000	 6.803891
160100	 6.802514
160200	 6.802149
160300	 6.802374
160400	 6.802662
160500	 6.803448
160600	 6.802833
160700	 6.802748
160800	 6.801237
160900	 6.803270
161000	 6.801761
161100	 6.801945
161200	 6.801932
161300	 6.802698
161400	 6.802608
161500	 6.801823
161600	 6.803037
161700	 6.802246
161800	 6.803083
161900	 6.801845
162000	 6.801945
162100	 6.804300
162200	 6.802784
162300	 6.801585
162400	 6.803540
162500	 6.801935
162600	 6.802544
162700	 6.802127
162800	 6.802247
162900	 6.803202
163000	 6.803135
163100	 6.803258
163200	 6.802009
163300	 6.803222
163400	 6.804148
163500	 6.802841
163600	 6.802594
163700	 6.803364
163800	 6.802823
163900	 6.802861
164000	 6.802039
164100	 6.802016
164200	 6.802004
164300	 6.802733
164400	 6.803169
164500	 6.802382
164600	 6.802595
164700	 6.802670
164800	 6.802612
164900	 6.803556
165000	 6.802128
165100	 6.802427
165200	 6.803305
165300	 6.802341
165400	 6.801491
165500	 6.803615
165600	 6.803469
165700	 6.803729
165800	 6.802087
165900	 6.802237
166000	 6.800686
166100	 6.804504
166200	 6.801464
166300	 6.801203
166400	 6.801852
166500	 6.802444
166600	 6.802811
166700	 6.802415
166800	 6.804096
166900	 6.802590
167000	 6.802028
167100	 6.802965
167200	 6.801266
167300	 6.800469
167400	 6.801820
167500	 6.802391
167600	 6.803087
167700	 6.801380
167800	 6.803106
167900	 6.803670
168000	 6.802178
168100	 6.803624
168200	 6.803421
168300	 6.802580
168400	 6.801720
168500	 6.802577
168600	 6.802474
168700	 6.803992
168800	 6.803348
168900	 6.801695
169000	 6.801840
169100	 6.802055
169200	 6.801880
169300	 6.802372
169400	 6.802606
169500	 6.802328
169600	 6.802080
169700	 6.803190
169800	 6.802123
169900	 6.802992
170000	 6.801618
170100	 6.802785
170200	 6.804444
170300	 6.801975
170400	 6.802309
170500	 6.801807
170600	 6.803438
170700	 6.802183
170800	 6.801757
170900	 6.803222
171000	 6.803245
171100	 6.802996
171200	 6.802127
171300	 6.803188
171400	 6.804256
171500	 6.802990
171600	 6.802136
171700	 6.803582
171800	 6.802582
171900	 6.802978
172000	 6.801673
172100	 6.802146
172200	 6.802507
172300	 6.803167
172400	 6.802740
172500	 6.802594
172600	 6.802133
172700	 6.803002
172800	 6.801834
172900	 6.804243
173000	 6.801563
173100	 6.802871
173200	 6.803131
173300	 6.801657
173400	 6.803308
173500	 6.803259
173600	 6.803428
173700	 6.802490
173800	 6.801813
173900	 6.801009
174000	 6.804334
174100	 6.801263
174200	 6.801484
174300	 6.801973
174400	 6.802516
174500	 6.803615
174600	 6.802586
174700	 6.803131
174800	 6.802360
174900	 6.802748
175000	 6.802152
175100	 6.800852
175200	 6.800503
175300	 6.803167
175400	 6.801921
175500	 6.802556
175600	 6.802909
175700	 6.803413
175800	 6.801875
175900	 6.803500
176000	 6.803573
176100	 6.802529
176200	 6.802169
176300	 6.802072
176400	 6.802919
176500	 6.803476
176600	 6.802565
176700	 6.802171
176800	 6.802693
176900	 6.801627
177000	 6.802428
177100	 6.800905
177200	 6.802873
177300	 6.802620
177400	 6.802768
177500	 6.802688
177600	 6.802434
177700	 6.802313
177800	 6.801922
177900	 6.804662
178000	 6.802370
178100	 6.802164
178200	 6.801914
178300	 6.803601
178400	 6.801829
178500	 6.801979
178600	 6.803586
178700	 6.802679
178800	 6.803242
178900	 6.802076
179000	 6.804418
179100	 6.803046
179200	 6.802860
179300	 6.802767
179400	 6.803346
179500	 6.802597
179600	 6.802214
179700	 6.801527
179800	 6.802330
179900	 6.803037
180000	 6.802854
180100	 6.802805
180200	 6.801895
180300	 6.803186
180400	 6.802327
180500	 6.803548
180600	 6.801866
180700	 6.803008
180800	 6.802698
180900	 6.801635
181000	 6.803235
181100	 6.802967
181200	 6.804056
181300	 6.802237
181400	 6.801062
181500	 6.803295
181600	 6.802570
181700	 6.800965
181800	 6.801839
181900	 6.802460
182000	 6.803068
182100	 6.802960
182200	 6.803780
182300	 6.802093
182400	 6.802589
182500	 6.802209
182600	 6.800699
182700	 6.800650
182800	 6.802920
182900	 6.802610
183000	 6.801549
183100	 6.803018
183200	 6.803276
183300	 6.802683
183400	 6.803234
183500	 6.803169
183600	 6.802662
183700	 6.802286
183800	 6.802052
183900	 6.804257
184000	 6.802599
184100	 6.802144
184200	 6.802315
184300	 6.801984
184400	 6.802198
184500	 6.801709
184600	 6.802062
184700	 6.802593
184800	 6.802582
184900	 6.802992
185000	 6.802298
185100	 6.802178
185200	 6.802693
185300	 6.803921
185400	 6.801906
185500	 6.802706
185600	 6.802194
185700	 6.803066
185800	 6.802092
185900	 6.802502
186000	 6.803451
186100	 6.802380
186200	 6.802896
186300	 6.802864
186400	 6.804103
186500	 6.802766
186600	 6.802763
186700	 6.803813
186800	 6.802589
186900	 6.802072
187000	 6.801532
187100	 6.802309
187200	 6.802647
187300	 6.803404
187400	 6.802615
187500	 6.802084
187600	 6.802694
187700	 6.802819
187800	 6.803032
187900	 6.802346
188000	 6.802968
188100	 6.802400
188200	 6.802392
188300	 6.802860
188400	 6.802681
188500	 6.804219
188600	 6.802028
188700	 6.800638
188800	 6.803976
188900	 6.801592
189000	 6.801690
189100	 6.801428
189200	 6.802888
189300	 6.802766
189400	 6.803830
189500	 6.802819
189600	 6.802045
189700	 6.802616
189800	 6.800784
189900	 6.800938
190000	 6.803063
190100	 6.802569
190200	 6.800969
190300	 6.803585
190400	 6.802976
190500	 6.803490
190600	 6.803333
190700	 6.802853
190800	 6.801633
190900	 6.802389
191000	 6.802954
191100	 6.803716
191200	 6.802718
191300	 6.801295
191400	 6.802773
191500	 6.801810
191600	 6.802118
191700	 6.802509
191800	 6.801986
191900	 6.802654
192000	 6.802604
192100	 6.802284
192200	 6.802504
192300	 6.802294
192400	 6.804301
192500	 6.802046
192600	 6.802617
192700	 6.802559
192800	 6.802390
192900	 6.802126
193000	 6.802806
193100	 6.803071
193200	 6.803159
193300	 6.802086
193400	 6.803737
193500	 6.803597
193600	 6.802556
193700	 6.802725
193800	 6.803754
193900	 6.802457
194000	 6.801594
194100	 6.802133
194200	 6.802526
194300	 6.803505
194400	 6.802033
194500	 6.802917
194600	 6.802837
194700	 6.801812
194800	 6.803766
194900	 6.802017
195000	 6.803171
195100	 6.802310
195200	 6.802493
195300	 6.802925
195400	 6.802988
195500	 6.803302
195600	 6.801931
195700	 6.801414
195800	 6.803564
195900	 6.801159
196000	 6.801603
196100	 6.802427
196200	 6.803607
196300	 6.802681
196400	 6.803149
196500	 6.802105
196600	 6.802779
196700	 6.801341
196800	 6.800493
196900	 6.802289
197000	 6.802427
197100	 6.802570
197200	 6.802681
197300	 6.803093
197400	 6.802866
197500	 6.803291
197600	 6.803078
197700	 6.802173
197800	 6.802186
197900	 6.802800
198000	 6.803755
198100	 6.802636
198200	 6.801668
198300	 6.802183
198400	 6.802054
198500	 6.802167
198600	 6.802044
198700	 6.802425
198800	 6.803082
198900	 6.802374
199000	 6.802881
199100	 6.801259
199200	 6.803895
199300	 6.803379
199400	 6.801530
199500	 6.802571
199600	 6.803315
199700	 6.802254
199800	 6.801859
199900	 6.803487
200000	 6.802654
200100	 6.802534
200200	 6.803081
200300	 6.803559
200400	 6.803291
200500	 6.802551
200600	 6.803581
200700	 6.802485
200800	 6.801741
200900	 6.801907
201000	 6.803062
201100	 6.802835
201200	 6.802820
201300	 6.802123
201400	 6.802795
201500	 6.803132
201600	 6.801787
201700	 6.803508
201800	 6.803084
201900	 6.801496
202000	 6.803046
202100	 6.802826
202200	 6.803685
202300	 6.802402
202400	 6.801085
202500	 6.803822
202600	 6.801295
202700	 6.801844
202800	 6.801737
202900	 6.803097
203000	 6.803071
203100	 6.803091
203200	 6.802417
203300	 6.802771
203400	 6.801284
203500	 6.800436
203600	 6.802343
203700	 6.802784
203800	 6.802255
203900	 6.802614
204000	 6.803080
204100	 6.803177
204200	 6.803483
204300	 6.802679
204400	 6.802024
204500	 6.802669
204600	 6.803135
204700	 6.802861
204800	 6.802351
204900	 6.802308
205000	 6.801779
205100	 6.802496
205200	 6.801856
205300	 6.802693
205400	 6.801830
205500	 6.803077
205600	 6.802248
205700	 6.802118
205800	 6.803238
205900	 6.803706
206000	 6.801446
206100	 6.803026
206200	 6.802603
206300	 6.802434
206400	 6.801922
206500	 6.803460
206600	 6.802764
206700	 6.802241
206800	 6.803699
206900	 6.803677
207000	 6.802818
207100	 6.802665
207200	 6.802743
207300	 6.802775
207400	 6.801894
207500	 6.802363
207600	 6.802840
207700	 6.803099
207800	 6.802483
207900	 6.802329
208000	 6.801757
208100	 6.804529
208200	 6.801616
208300	 6.803178
208400	 6.802398
208500	 6.802639
208600	 6.803111
208700	 6.803286
208800	 6.802436
208900	 6.801417
209000	 6.803850
209100	 6.801163
209200	 6.801081
209300	 6.802135
209400	 6.803224
209500	 6.802869
209600	 6.803304
209700	 6.802603
209800	 6.802391
209900	 6.801421
210000	 6.800825
210100	 6.802577
210200	 6.802457
210300	 6.801425
210400	 6.803158
210500	 6.802999
210600	 6.803432
210700	 6.803686
210800	 6.801833
210900	 6.802261
211000	 6.802719
211100	 6.803542
211200	 6.802846
211300	 6.801799
211400	 6.802133
211500	 6.802251
211600	 6.801418
211700	 6.802839
211800	 6.802374
211900	 6.802611
212000	 6.802872
212100	 6.802339
212200	 6.802337
212300	 6.803864
212400	 6.801520
212500	 6.803528
212600	 6.802434
212700	 6.802203
212800	 6.802054
212900	 6.803618
213000	 6.802669
213100	 6.802271
213200	 6.804198
213300	 6.803363
213400	 6.802452
213500	 6.803545
213600	 6.802572
213700	 6.802198
213800	 6.801745
213900	 6.802053
214000	 6.803236
214100	 6.802530
214200	 6.802724
214300	 6.802582
214400	 6.803007
214500	 6.801853
214600	 6.803111
214700	 6.803227
214800	 6.801354
214900	 6.803844
215000	 6.802315
215100	 6.803678
215200	 6.801555
215300	 6.802716
215400	 6.802714
215500	 6.801031
215600	 6.801672
215700	 6.802689
215800	 6.803150
215900	 6.803623
216000	 6.802328
216100	 6.802523
216200	 6.801198
216300	 6.801048
216400	 6.802513
216500	 6.802793
216600	 6.801408
216700	 6.803780
216800	 6.802426
216900	 6.803185
217000	 6.803323
217100	 6.802339
217200	 6.802253
217300	 6.803216
217400	 6.802749
217500	 6.802645
217600	 6.802350
217700	 6.801745
217800	 6.802174
217900	 6.802220
218000	 6.802122
218100	 6.802715
218200	 6.802575
218300	 6.803018
218400	 6.801553
218500	 6.804011
218600	 6.802192
218700	 6.802950
218800	 6.802541
218900	 6.802051
219000	 6.801955
219100	 6.803398
219200	 6.802917
219300	 6.802373
219400	 6.804109
219500	 6.803370
219600	 6.802274
219700	 6.803760
219800	 6.802742
219900	 6.802024
220000	 6.801524
220100	 6.802480
220200	 6.803165
220300	 6.802869
220400	 6.802400
220500	 6.802391
220600	 6.803561
220700	 6.801688
220800	 6.803353
220900	 6.802304
221000	 6.802859
221100	 6.802964
221200	 6.803321
221300	 6.802248
221400	 6.800858
221500	 6.803699
221600	 6.801448
221700	 6.801850
221800	 6.802311
221900	 6.803153
222000	 6.803294
222100	 6.802673
222200	 6.802509
222300	 6.801557
222400	 6.800424
222500	 6.802796
222600	 6.802413
222700	 6.801929
222800	 6.803564
222900	 6.802214
223000	 6.803376
223100	 6.803389
223200	 6.801925
223300	 6.802407
223400	 6.803451
223500	 6.803025
223600	 6.801601
223700	 6.802858
223800	 6.801606
223900	 6.802177
224000	 6.802136
224100	 6.802455
224200	 6.802816
224300	 6.802675
224400	 6.802252
224500	 6.802689
224600	 6.803713
224700	 6.801623
224800	 6.802378
224900	 6.803136
225000	 6.802182
225100	 6.802759
225200	 6.802756
225300	 6.802574
225400	 6.803399
225500	 6.803470
225600	 6.803067
225700	 6.803054
225800	 6.802998
225900	 6.802412
226000	 6.801794
226100	 6.802141
226200	 6.803484
226300	 6.802686
226400	 6.802204
226500	 6.802587
226600	 6.803424
226700	 6.801787
226800	 6.803371
226900	 6.802367
227000	 6.802586
227100	 6.802822
227200	 6.803451
227300	 6.802432
227400	 6.800969
227500	 6.803566
227600	 6.801323
227700	 6.801761
227800	 6.802471
227900	 6.803154
228000	 6.803222
228100	 6.802386
228200	 6.802151
228300	 6.801460
228400	 6.801230
228500	 6.802647
228600	 6.802274
228700	 6.802551
228800	 6.802949
228900	 6.803286
229000	 6.803523
229100	 6.802194
229200	 6.802379
229300	 6.802567
229400	 6.802940
229500	 6.803085
229600	 6.802235
229700	 6.801674
229800	 6.802044
229900	 6.802036
230000	 6.802376
230100	 6.803063
230200	 6.802673
230300	 6.802097
230400	 6.802678
230500	 6.803492
230600	 6.802143
230700	 6.802265
230800	 6.802896
230900	 6.802007
231000	 6.803188
231100	 6.802214
231200	 6.803305
231300	 6.803324
231400	 6.803867
231500	 6.802213
231600	 6.803411
231700	 6.802755
231800	 6.801883
231900	 6.801844
232000	 6.802879
232100	 6.803272
232200	 6.802330
232300	 6.802871
232400	 6.802319
232500	 6.802352
232600	 6.802728
232700	 6.803263
232800	 6.802033
232900	 6.803449
233000	 6.803262
233100	 6.802559
233200	 6.801042
233300	 6.803513
233400	 6.801169
233500	 6.802035
233600	 6.802126
233700	 6.803052
233800	 6.803603
233900	 6.802286
234000	 6.802443
234100	 6.801117
234200	 6.801322
234300	 6.802633
234400	 6.802509
234500	 6.802441
234600	 6.802706
234700	 6.803502
234800	 6.803157
234900	 6.802456
235000	 6.802163
235100	 6.803387
235200	 6.803119
235300	 6.801487
235400	 6.802769
235500	 6.801761
235600	 6.801487
235700	 6.803381
235800	 6.802341
235900	 6.802461
236000	 6.802855
236100	 6.801693
236200	 6.803963
236300	 6.801967
236400	 6.803062
236500	 6.802383
236600	 6.802294
236700	 6.802426
236800	 6.803118
236900	 6.802444
237000	 6.803095
237100	 6.803525
237200	 6.803250
237300	 6.803257
237400	 6.802916
237500	 6.801856
237600	 6.801799
237700	 6.802791
237800	 6.803035
237900	 6.802690
238000	 6.802587
238100	 6.802123
238200	 6.802537
238300	 6.802946
238400	 6.803017
238500	 6.802301
238600	 6.803377
238700	 6.803214
238800	 6.802307
238900	 6.801074
239000	 6.803727
239100	 6.801083
239200	 6.801619
239300	 6.803136
239400	 6.803001
239500	 6.803184
239600	 6.802058
239700	 6.802568
239800	 6.800347
239900	 6.802242
240000	 6.802820
240100	 6.801921
240200	 6.803443
240300	 6.802494
240400	 6.803739
240500	 6.802596
240600	 6.802216
240700	 6.802141
240800	 6.803752
240900	 6.802550
241000	 6.802207
241100	 6.801671
241200	 6.802049
241300	 6.802282
241400	 6.802491
241500	 6.802397
241600	 6.802874
241700	 6.801971
241800	 6.803715
241900	 6.802577
242000	 6.802681
242100	 6.802653
242200	 6.802247
242300	 6.802201
242400	 6.803168
242500	 6.802400
242600	 6.803369
242700	 6.803443
242800	 6.803054
242900	 6.803397
243000	 6.802559
243100	 6.801768
243200	 6.802117
243300	 6.802979
243400	 6.802739
243500	 6.802585
243600	 6.802518
243700	 6.803114
243800	 6.802022
243900	 6.803261
244000	 6.802403
244100	 6.802428
244200	 6.802837
244300	 6.803499
244400	 6.801398
244500	 6.803799
244600	 6.801002
244700	 6.801516
244800	 6.802454
244900	 6.803109
245000	 6.803737
245100	 6.801926
245200	 6.802254
245300	 6.801438
245400	 6.801228
245500	 6.802425
245600	 6.801961
245700	 6.803566
245800	 6.802809
245900	 6.803269
246000	 6.803009
246100	 6.802606
246200	 6.801943
246300	 6.803573
246400	 6.802886
246500	 6.801827
246600	 6.801821
246700	 6.802112
246800	 6.802127
246900	 6.802640
247000	 6.802665
247100	 6.802853
247200	 6.801698
247300	 6.803948
247400	 6.801800
247500	 6.803142
247600	 6.802718
247700	 6.801805
247800	 6.802811
247900	 6.802186
248000	 6.803258
248100	 6.804162
248200	 6.802892
248300	 6.802435
248400	 6.803634
248500	 6.802174
248600	 6.801884
248700	 6.802264
248800	 6.803310
248900	 6.802595
249000	 6.802399
249100	 6.802164
249200	 6.803374
249300	 6.802377
249400	 6.803075
249500	 6.802548
249600	 6.802957
249700	 6.803348
249800	 6.801908
249900	 6.802211
250000	 6.802328
250100	 6.801669
250200	 6.802037
250300	 6.803265
250400	 6.802972
250500	 6.802421
250600	 6.802301
250700	 6.801335
250800	 6.801420
250900	 6.802467
251000	 6.802071
251100	 6.803367
251200	 6.802818
251300	 6.803204
251400	 6.803058
251500	 6.802421
251600	 6.802034
251700	 6.803538
251800	 6.802511
251900	 6.802252
252000	 6.801661
252100	 6.801807
252200	 6.803019
252300	 6.802181
252400	 6.802829
252500	 6.802844
252600	 6.801639
252700	 6.804157
252800	 6.801845
252900	 6.802529
253000	 6.802769
253100	 6.801979
253200	 6.803317
253300	 6.803039
253400	 6.802550
253500	 6.803518
253600	 6.803050
253700	 6.803507
253800	 6.802440
253900	 6.801831
254000	 6.802143
254100	 6.802761
254200	 6.802771
254300	 6.802556
254400	 6.802396
254500	 6.803663
254600	 6.802119
254700	 6.803041
254800	 6.801629
254900	 6.803609
255000	 6.803266
255100	 6.802279
255200	 6.801281
255300	 6.803218
255400	 6.801208
255500	 6.802406
255600	 6.803326
255700	 6.802768
255800	 6.802460
255900	 6.802336
256000	 6.801514
256100	 6.801130
256200	 6.802716
256300	 6.801963
256400	 6.803565
256500	 6.802583
256600	 6.803666
256700	 6.802440
256800	 6.802163
256900	 6.803028
257000	 6.803197
257100	 6.801954
257200	 6.802111
257300	 6.802163
257400	 6.802391
257500	 6.802006
257600	 6.802899
257700	 6.802183
257800	 6.802433
257900	 6.803340
258000	 6.802744
258100	 6.802721
258200	 6.802460
258300	 6.801982
258400	 6.802750
258500	 6.802427
258600	 6.803062
258700	 6.803899
258800	 6.803014
258900	 6.802618
259000	 6.803353
259100	 6.802336
259200	 6.801776
259300	 6.802441
259400	 6.803109
259500	 6.802749
259600	 6.802376
259700	 6.803354
259800	 6.802043
259900	 6.803001
260000	 6.801787
260100	 6.803356
260200	 6.803467
260300	 6.802476
260400	 6.801235
260500	 6.803174
260600	 6.801170
260700	 6.802361
260800	 6.803089
260900	 6.803291
261000	 6.802496
261100	 6.801856
261200	 6.801219
261300	 6.801762
261400	 6.802747
261500	 6.802340
261600	 6.803065
261700	 6.803081
261800	 6.803311
261900	 6.802174
262000	 6.802224
262100	 6.803569
262200	 6.802590
262300	 6.802125
262400	 6.801954
262500	 6.801918
262600	 6.802251
262700	 6.802830
262800	 6.802605
262900	 6.802718
263000	 6.801846
263100	 6.803954
263200	 6.801933
263300	 6.802682
263400	 6.802366
263500	 6.802187
263600	 6.803450
263700	 6.802275
263800	 6.803095
263900	 6.804039
264000	 6.802469
264100	 6.803334
264200	 6.802282
264300	 6.802054
264400	 6.802303
264500	 6.803083
264600	 6.802583
264700	 6.802621
264800	 6.803019
264900	 6.802066
265000	 6.803252
265100	 6.801895
265200	 6.802969
265300	 6.803619
265400	 6.802459
265500	 6.801319
265600	 6.803134
265700	 6.801379
265800	 6.802141
265900	 6.803045
266000	 6.803606
266100	 6.801901
266200	 6.802548
266300	 6.800641
266400	 6.802411
266500	 6.802233
266600	 6.802862
266700	 6.802486
266800	 6.803313
266900	 6.803213
267000	 6.802089
267100	 6.802128
267200	 6.803834
267300	 6.802436
267400	 6.802199
267500	 6.801849
267600	 6.801677
267700	 6.802663
267800	 6.802743
267900	 6.802685
268000	 6.802047
268100	 6.803320
268200	 6.802583
268300	 6.802875
268400	 6.802461
268500	 6.801993
268600	 6.803123
268700	 6.802914
268800	 6.802300
268900	 6.803985
269000	 6.802918
269100	 6.803307
269200	 6.802549
269300	 6.801817
269400	 6.802154
269500	 6.803295
269600	 6.802331
269700	 6.802683
269800	 6.802771
269900	 6.802246
270000	 6.803185
270100	 6.802350
270200	 6.802879
270300	 6.803414
270400	 6.802445
270500	 6.801269
270600	 6.803240
270700	 6.801295
270800	 6.802230
270900	 6.802992
271000	 6.803431
271100	 6.802121
271200	 6.802540
271300	 6.800536
271400	 6.802398
271500	 6.801944
271600	 6.802812
271700	 6.802880
271800	 6.803216
271900	 6.803338
272000	 6.802298
272100	 6.802121
272200	 6.803511
272300	 6.802148
272400	 6.802187
272500	 6.802325
272600	 6.801944
272700	 6.802307
272800	 6.802536
272900	 6.803238
273000	 6.801758
273100	 6.803745
273200	 6.802008
273300	 6.802784
273400	 6.802368
273500	 6.802313
273600	 6.803059
273700	 6.802873
273800	 6.803756
273900	 6.802792
274000	 6.802724
274100	 6.803224
274200	 6.802239
274300	 6.801691
274400	 6.803130
274500	 6.802497
274600	 6.802876
274700	 6.801837
274800	 6.803415
274900	 6.802557
275000	 6.802746
275100	 6.802657
275200	 6.802552
275300	 6.803495
275400	 6.801308
275500	 6.803408
275600	 6.801133
275700	 6.802214
275800	 6.803061
275900	 6.803547
276000	 6.801726
276100	 6.802767
276200	 6.800482
276300	 6.802512
276400	 6.802033
276500	 6.802781
276600	 6.802714
276700	 6.803527
276800	 6.802942
276900	 6.801882
277000	 6.803137
277100	 6.803361
277200	 6.801650
277300	 6.802327
277400	 6.801967
277500	 6.802154
277600	 6.802854
277700	 6.802529
277800	 6.802412
277900	 6.802508
278000	 6.803232
278100	 6.802536
278200	 6.802479
278300	 6.802205
278400	 6.802829
278500	 6.803113
278600	 6.802341
278700	 6.803862
278800	 6.802803
278900	 6.803154
279000	 6.802763
279100	 6.801852
279200	 6.802039
279300	 6.803223
279400	 6.802368
279500	 6.802838
279600	 6.803201
279700	 6.802160
279800	 6.802977
279900	 6.802142
280000	 6.803076
280100	 6.803373
280200	 6.801412
280300	 6.803141
280400	 6.801384
280500	 6.801766
280600	 6.803413
280700	 6.802897
280800	 6.802390
280900	 6.802200
281000	 6.801159
281100	 6.802219
281200	 6.802327
281300	 6.802479
281400	 6.802711
281500	 6.803388
281600	 6.803143
281700	 6.802126
281800	 6.802946
281900	 6.803291
282000	 6.801717
282100	 6.802292
282200	 6.801976
282300	 6.802218
282400	 6.802421
282500	 6.802554
282600	 6.802761
282700	 6.802743
282800	 6.802926
282900	 6.802665
283000	 6.802454
283100	 6.801831
283200	 6.803356
283300	 6.803013
283400	 6.802525
283500	 6.803807
283600	 6.802548
283700	 6.803139
283800	 6.802560
283900	 6.801773
284000	 6.802735
284100	 6.802920
284200	 6.802422
284300	 6.802077
284400	 6.803156
284500	 6.802802
284600	 6.802769
284700	 6.802396
284800	 6.803681
284900	 6.802444
285000	 6.801353
285100	 6.802790
285200	 6.801455
285300	 6.802376
285400	 6.803439
285500	 6.803010
285600	 6.802479
285700	 6.801221
285800	 6.801397
285900	 6.802464
286000	 6.802589
286100	 6.802948
286200	 6.802809
286300	 6.803434
286400	 6.802193
286500	 6.802272
286600	 6.803348
286700	 6.802420
286800	 6.802182
286900	 6.802169
287000	 6.802009
287100	 6.802843
287200	 6.802516
287300	 6.802402
287400	 6.802624
287500	 6.803070
287600	 6.802579
287700	 6.802575
287800	 6.801765
287900	 6.803460
288000	 6.802692
288100	 6.802928
288200	 6.803606
288300	 6.802302
288400	 6.803000
288500	 6.802854
288600	 6.801657
288700	 6.802882
288800	 6.803013
288900	 6.802327
289000	 6.802594
289100	 6.802584
289200	 6.803214
289300	 6.801916
289400	 6.803323
289500	 6.803196
289600	 6.802064
289700	 6.803112
289800	 6.801182
289900	 6.801785
290000	 6.803128
290100	 6.802907
290200	 6.802558
290300	 6.802283
290400	 6.800734
290500	 6.802479
290600	 6.802149
290700	 6.802654
290800	 6.803088
290900	 6.803547
291000	 6.802354
291100	 6.802256
291200	 6.803438
291300	 6.802644
291400	 6.802197
291500	 6.801704
291600	 6.802384
291700	 6.802133
291800	 6.802696
291900	 6.802903
292000	 6.801655
292100	 6.803987
292200	 6.802423
292300	 6.802488
292400	 6.802127
292500	 6.802644
292600	 6.803123
292700	 6.802682
292800	 6.803590
292900	 6.802602
293000	 6.803407
293100	 6.802449
293200	 6.801823
293300	 6.802954
293400	 6.802565
293500	 6.802432
293600	 6.802620
293700	 6.802443
293800	 6.803289
293900	 6.802040
294000	 6.803343
294100	 6.803197
294200	 6.801812
294300	 6.803097
294400	 6.801215
294500	 6.801660
294600	 6.803454
294700	 6.802997
294800	 6.802295
294900	 6.802355
295000	 6.800832
295100	 6.802309
295200	 6.802466
295300	 6.803025
295400	 6.802668
295500	 6.803640
295600	 6.801980
295700	 6.802396
295800	 6.803409
295900	 6.802017
296000	 6.802462
296100	 6.802272
296200	 6.801889
296300	 6.802811
296400	 6.802475
296500	 6.802441
296600	 6.802810
296700	 6.802706
296800	 6.802465
296900	 6.802468
297000	 6.802280
297100	 6.803286
297200	 6.802684
297300	 6.803810
297400	 6.803027
297500	 6.802889
297600	 6.802743
297700	 6.801642
297800	 6.802286
297900	 6.803306
298000	 6.802508
298100	 6.802428
298200	 6.803050
298300	 6.802247
298400	 6.803016
298500	 6.802372
298600	 6.803731
298700	 6.802155
298800	 6.802194
298900	 6.801927
299000	 6.801867
299100	 6.802638
299200	 6.803189
299300	 6.802554
299400	 6.802392
299500	 6.800743
299600	 6.802379
299700	 6.802496
299800	 6.802719
299900	 6.802852
300000	 6.803651
300100	 6.802002
