   4.30486997302269e-04
   8.62500495297388e-04
   1.29766065052990e-03
   1.73780457147088e-03
   2.18510791030437e-03
   2.64222370199138e-03
   3.11244703552854e-03
   3.59991705502320e-03
   4.10987213104909e-03
   4.64898046241297e-03
   5.22577786740772e-03
   5.85125865480896e-03
   6.53968663292832e-03
   7.30972522640219e-03
   8.18603395933302e-03
   9.20155151945835e-03
   1.04007945650135e-02
   1.18446591255857e-02
   1.36174233465031e-02
   1.58368839131539e-02
   1.86686495541031e-02
   2.23450038742722e-02
   2.71857897501892e-02
   3.36090778303695e-02
   4.20925878408115e-02
   5.29831050070526e-02
   6.59331121818287e-02
   7.86613793051239e-02
   8.53407681187966e-02
   7.85086724814603e-02
   6.56267756788425e-02
   5.25213124560387e-02
   4.14726465667061e-02
   3.28274809979186e-02
   2.62382791402903e-02
   2.12266376793130e-02
   1.73738683721250e-02
   1.43595669986737e-02
   1.19509261140209e-02
   9.98182184675215e-03
   8.33391106527918e-03
   6.92228533599378e-03
   5.68526768684178e-03
   4.57732639886047e-03
   3.56417012013383e-03
   2.61932071273471e-03
   1.72166999832131e-03
   8.53681157575050e-04
   8.59496347359446e-04
   1.72193942597616e-03
   2.59045836925998e-03
   3.46860565773180e-03
   4.36059361528870e-03
   5.27156350298161e-03
   6.20790336445971e-03
   7.17763618818516e-03
   8.19090799052085e-03
   9.26061726067097e-03
   1.04032446533865e-02
   1.16399676730745e-02
   1.29981837226257e-02
   1.45136230787430e-02
   1.62333216438859e-02
   1.82198579132453e-02
   2.05574637374398e-02
   2.33609283749116e-02
   2.67886716445089e-02
   3.10619933754110e-02
   3.64932481622232e-02
   4.35261187994086e-02
   5.27896225287740e-02
   6.51584793402570e-02
   8.17787122714372e-02
   1.03907259662541e-01
   1.32088497784862e-01
   1.63372161838539e-01
   1.84193535035942e-01
   1.63067647836006e-01
   1.31477604838275e-01
   1.02986298052090e-01
   8.05422448359399e-02
   6.35994300772181e-02
   5.08994077561567e-02
   4.12947895638830e-02
   3.39096301665671e-02
   2.81138084805540e-02
   2.34626229315409e-02
   1.96427287291171e-02
   1.64317857749043e-02
   1.36701805647727e-02
   1.12416454929100e-02
   9.06002213989621e-03
   7.06015508948895e-03
   5.19153145627978e-03
   3.41373362113477e-03
   1.69307681298307e-03
   1.28564405888043e-03
   2.57544765259554e-03
   3.87383212914459e-03
   5.18582860523319e-03
   6.51741674851248e-03
   7.87590797285426e-03
   9.27039489378578e-03
   1.07122960486165e-02
   1.22160354511159e-02
   1.37999119945139e-02
   1.54872363027743e-02
   1.73078458552114e-02
   1.93001585139668e-02
   2.15139985083739e-02
   2.40145410178425e-02
   2.68878934614490e-02
   3.02490987229274e-02
   3.42537660445048e-02
   3.91152073908389e-02
   4.51300509169854e-02
   5.27171236014982e-02
   6.24775011485334e-02
   7.52890068473928e-02
   9.24574097283036e-02
   1.15957423899120e-01
   1.48779618215236e-01
   1.95142341412647e-01
   2.58546104926958e-01
   3.24994414279907e-01
   2.58091609724000e-01
   1.94230504004425e-01
   1.47404808569656e-01
   1.14111352330212e-01
   9.01293006489719e-02
   7.24658096283413e-02
   5.91441208624039e-02
   4.88566508228456e-02
   4.07239664842465e-02
   3.41435350580335e-02
   2.86951431240972e-02
   2.40807319194530e-02
   2.00853637758730e-02
   1.65514173814090e-02
   1.33612140193893e-02
   1.04250949049560e-02
   7.67305989558789e-03
   5.04874457688425e-03
   2.50492556271749e-03
   1.70775306985484e-03
   3.42057938312435e-03
   5.14388064713048e-03
   6.88382749933175e-03
   8.64778343024356e-03
   1.04447802343913e-02
   1.22860700724662e-02
   1.41857871807200e-02
   1.61617638846273e-02
   1.82365623611026e-02
   2.04388078243193e-02
   2.28049439623034e-02
   2.53815828899432e-02
   2.82286980016056e-02
   3.14240222775426e-02
   3.50691886680924e-02
   3.92984200481365e-02
   4.42910091516410e-02
   5.02895465134718e-02
   5.76271058946558e-02
   6.67689366898904e-02
   7.83790086090671e-02
   9.34327528101743e-02
   1.13425988025388e-01
   1.40815209782602e-01
   1.80112692360135e-01
   2.41156374201394e-01
   3.50676711673198e-01
   5.99147592064415e-01
   3.50075027781256e-01
   2.39949113645030e-01
   1.78292161944085e-01
   1.38370094327794e-01
   1.10341602541387e-01
   8.96913502673108e-02
   7.39601198417798e-02
   6.16497141558918e-02
   5.17826387607463e-02
   4.36931107860796e-02
   3.69142131684455e-02
   3.11112023272950e-02
   2.60396214618970e-02
   2.15178696154916e-02
   1.74086707438803e-02
   1.36062242939872e-02
   1.00270660946752e-02
   6.60337995246150e-03
   3.27792467847986e-03
   2.12494477099601e-03
   4.25549869445356e-03
   6.39765119168677e-03
   8.55828807295187e-03
   1.07456807853381e-02
   1.29700290378927e-02
   1.52440824360703e-02
   1.75838745249210e-02
   2.00096138189300e-02
   2.25467922498217e-02
   2.52275938610860e-02
   2.80927182921606e-02
   3.11937787749534e-02
   3.45964993015991e-02
   3.83850300313644e-02
   4.26678392778814e-02
   4.75858497840180e-02
   5.33238096706116e-02
   6.01264024805527e-02
   6.83214550629972e-02
   7.83540944638628e-02
   9.08384432096417e-02
   1.06638614171974e-01
   1.27000186561811e-01
   1.53766335397923e-01
   1.89701155019416e-01
   2.38695319897976e-01
   3.03858318438395e-01
   3.70845725632474e-01
   3.03113268898496e-01
   2.37200190262389e-01
   1.87446011162276e-01
   1.50736585477968e-01
   1.23176929743618e-01
   1.01999068773483e-01
   8.53564240323447e-02
   7.20005030310912e-02
   6.10647413008382e-02
   5.19329519988217e-02
   4.41582070933381e-02
   3.74109652528066e-02
   3.14446818540393e-02
   2.60723076102420e-02
   2.11498189620503e-02
   1.65644130941914e-02
   1.22258506122989e-02
   8.05993692054198e-03
   4.00344752042122e-03
   2.53671756893063e-03
   5.07913879291486e-03
   7.63338398445256e-03
   1.02065643639499e-02
   1.28073162069569e-02
   1.54463850133879e-02
   1.81372833168015e-02
   2.08970524853442e-02
   2.37471683382549e-02
   2.67146434522079e-02
   2.98333968232308e-02
   3.31459856773097e-02
   3.67058268529408e-02
   4.05800792174184e-02
   4.48534178342416e-02
   4.96330098471388e-02
   5.50551066900656e-02
   6.12938016294606e-02
   6.85726631665011e-02
   7.71801142146628e-02
   8.74894640865887e-02
   9.99839931930269e-02
   1.15285020090392e-01
   1.34171754998255e-01
   1.57550728945039e-01
   1.86232195582366e-01
   2.20067331705920e-01
   2.55217385232589e-01
   2.77265553176743e-01
   2.54333915977017e-01
   2.18294098278283e-01
   1.83556777886218e-01
   1.53954910972967e-01
   1.29631993536447e-01
   1.09773023477587e-01
   9.34673723427084e-02
   7.99324106586636e-02
   6.85440547211068e-02
   5.88168329386925e-02
   5.03756788479425e-02
   4.29306437983906e-02
   3.62565971698060e-02
   3.01775114188243e-02
   2.45544209278831e-02
   1.92761784234752e-02
   1.42522883962932e-02
   9.40725303840545e-03
   4.67599304259247e-03
   2.94301035556144e-03
   5.89132957094107e-03
   8.85070508271614e-03
   1.18279387722063e-02
   1.48314469859848e-02
   1.78718626334766e-02
   2.09626988217413e-02
   2.41210985924730e-02
   2.73687022529936e-02
   3.07326728773989e-02
   3.42469321446459e-02
   3.79536730540985e-02
   4.19052332339682e-02
   4.61664318902737e-02
   5.08174927706341e-02
   5.59576893369782e-02
   6.17098439054820e-02
   6.82257612555580e-02
   7.56925154757779e-02
   8.43390934014185e-02
   9.44419017954276e-02
   1.06325311826265e-01
   1.20347994177311e-01
   1.36853360929421e-01
   1.56034897343204e-01
   1.77611815937047e-01
   2.00126647966346e-01
   2.19680523033808e-01
   2.28667326035975e-01
   2.18664829871701e-01
   1.98087533106488e-01
   1.74534044997367e-01
   1.51896162870887e-01
   1.31624900463294e-01
   1.13995357400496e-01
   9.88092303831005e-02
   8.57192065989476e-02
   7.43636172208531e-02
   6.44159133724007e-02
   5.55981779710728e-02
   4.76803553455497e-02
   4.04744443623736e-02
   3.38274809160670e-02
   2.76148014666730e-02
   2.17340814247024e-02
   1.61002237971258e-02
   1.06410073366060e-02
   5.29334610285229e-03
   3.34425026621544e-03
   6.69289222225416e-03
   1.00507658951923e-02
   1.34238031203373e-02
   1.68195975470059e-02
   2.02480052070872e-02
   2.37217894128969e-02
   2.72573269409605e-02
   3.08753965037293e-02
   3.46020752810269e-02
   3.84697743959407e-02
   4.25184488218970e-02
   4.67970195712475e-02
   5.13650428043211e-02
   5.62946453971009e-02
   6.16727076457247e-02
   6.76031888357948e-02
   7.42093181512998e-02
   8.16350316104280e-02
   9.00443726120327e-02
   9.96163007577979e-02
   1.10529942774659e-01
   1.22930879544676e-01
   1.36861393226078e-01
   1.52126269275944e-01
   1.68056087686074e-01
   1.83149454690220e-01
   1.94713224801663e-01
   1.99060838303416e-01
   1.93572923143402e-01
   1.80859467075313e-01
   1.64597933759847e-01
   1.47472933704439e-01
   1.30978129305075e-01
   1.15776211161898e-01
   1.02056808182570e-01
   8.97732712124351e-02
   7.87768708567593e-02
   6.88864696565736e-02
   5.99220708608943e-02
   5.17193192385626e-02
   4.41343612577574e-02
   3.70440333330831e-02
   3.03439362491196e-02
   2.39456800957807e-02
   1.77739188952823e-02
   1.17634490518603e-02
   5.85646810854064e-03
   3.74138562821413e-03
   7.48570287290467e-03
   1.12363326879657e-02
   1.49977660892468e-02
   1.87761727101883e-02
   2.25799860778435e-02
   2.64205128200789e-02
   3.03125742969301e-02
   3.42751904439287e-02
   3.83323164516797e-02
   4.25136423952336e-02
   4.68554624846221e-02
   5.14016114967440e-02
   5.62044465082849e-02
   6.13258143908499e-02
   6.68378763208524e-02
   7.28235373047983e-02
   7.93760137020703e-02
   8.65967026678905e-02
   9.45898951444736e-02
   1.03451852500459e-01
   1.13250169891130e-01
   1.23987091225241e-01
   1.35537966714110e-01
   1.47555590822935e-01
   1.59339679405974e-01
   1.69704691782177e-01
   1.76964870076976e-01
   1.79292608302851e-01
   1.75709217599325e-01
   1.67182059134298e-01
   1.55527780402023e-01
   1.42421900459281e-01
   1.29040754495284e-01
   1.16076714466946e-01
   1.03870558379391e-01
   9.25421034661743e-02
   8.20858881721097e-02
   7.24326382938596e-02
   6.34857772353855e-02
   5.51417906835658e-02
   4.73007851378622e-02
   3.98713238026300e-02
   3.27720275584180e-02
   2.59314072649743e-02
   1.92867702350615e-02
   1.27826724973474e-02
   6.36917055653276e-03
   4.13590636647271e-03
   8.27273003656450e-03
   1.24118340270595e-02
   1.65556991332763e-02
   2.07084848707252e-02
   2.48765922511079e-02
   2.90692288090857e-02
   3.32989758964763e-02
   3.75823572758645e-02
   4.19404058375715e-02
   4.63992207137967e-02
   5.09904983149176e-02
   5.57520048873061e-02
   6.07279304110755e-02
   6.59690167720687e-02
   7.15322760782425e-02
   7.74799911603661e-02
   8.38774957873221e-02
   9.07889349893262e-02
   9.82697703945802e-02
   1.06354201614148e-01
   1.15034977154595e-01
   1.24232546346379e-01
   1.33750989500995e-01
   1.43221633009124e-01
   1.52045506618063e-01
   1.59367883549420e-01
   1.64152024671619e-01
   1.65438512749100e-01
   1.62792209523956e-01
   1.56634613640915e-01
   1.47911971598866e-01
   1.37648766886054e-01
   1.26688787344414e-01
   1.15621717542427e-01
   1.04808851975921e-01
   9.44407928929824e-02
   8.45938810795240e-02
   7.52741960047818e-02
   6.64482172517921e-02
   5.80627136199210e-02
   5.00569164930167e-02
   4.23695156574434e-02
   3.49423205652081e-02
   2.77218371622447e-02
   2.06595745875220e-02
   1.37115975376235e-02
   6.83764367763069e-03
   4.52985522251610e-03
   9.05805295728807e-03
   1.35833776734308e-02
   1.81057380846532e-02
   2.26267199142322e-02
   2.71501257581599e-02
   3.16824959183030e-02
   3.62336023308053e-02
   4.08169050892473e-02
   4.54499569282481e-02
   5.01547343002787e-02
   5.49578626010732e-02
   5.98906850374835e-02
   6.49890957580655e-02
   7.02930128338774e-02
   7.58452983433464e-02
   8.16898323197671e-02
   8.78683052672541e-02
   9.44151044599204e-02
   1.01349440590222e-01
   1.08663640420472e-01
   1.16306453760421e-01
   1.24160605144446e-01
   1.32015289884519e-01
   1.39537909076693e-01
   1.46256266359282e-01
   1.51572704857415e-01
   1.54840170163396e-01
   1.55520476997625e-01
   1.53389680119580e-01
   1.48655305091629e-01
   1.41839708725163e-01
   1.33575272067298e-01
   1.24446643778069e-01
   1.14915108419021e-01
   1.05304779775591e-01
   9.58206149874098e-02
   8.65767577344789e-02
   7.76239804594936e-02
   6.89719305831437e-02
   6.06054874367311e-02
   5.24960122812102e-02
   4.46086610523038e-02
   3.69068557919028e-02
   2.93547916924153e-02
   2.19186282229349e-02
   1.45668222110756e-02
   7.26991699930187e-03
   4.92583388263892e-03
   9.84686941200665e-03
   1.47587507742213e-02
   1.96582608470789e-02
   2.45438707318818e-02
   2.94162628357624e-02
   3.42788153897505e-02
   3.91380335154746e-02
   4.40039083156380e-02
   4.88901804947692e-02
   5.38144778464266e-02
   5.87982851767900e-02
   6.38666888649771e-02
   6.90478136414816e-02
   7.43718331262072e-02
   7.98693849252891e-02
   8.55691533213793e-02
   9.14942988770379e-02
   9.76573241452367e-02
   1.04052895976447e-01
   1.10648161114689e-01
   1.17370318867052e-01
   1.24091872853770e-01
   1.30615398379302e-01
   1.36662174548707e-01
   1.41872642071424e-01
   1.45830151182436e-01
   1.48119065784752e-01
   1.48417061951279e-01
   1.46594157060851e-01
   1.42760543569680e-01
   1.37219496091851e-01
   1.30369050385457e-01
   1.22610348219337e-01
   1.14290081452443e-01
   1.05677169700899e-01
   9.69625825228102e-02
   8.82708250216591e-02
   7.96751171853975e-02
   7.12119181588422e-02
   6.28929686337866e-02
   5.47144478756705e-02
   4.66635074318908e-02
   3.87226758010438e-02
   3.08726472206572e-02
   2.30938993427147e-02
   1.53674929100363e-02
   7.67532032992137e-03
   5.32700846946401e-03
   1.06455022590421e-02
   1.59474182376667e-02
   2.12258628605016e-02
   2.64756684939111e-02
   3.16939118358382e-02
   3.68803770098852e-02
   4.20379422990161e-02
   4.71728653005339e-02
   5.22949363513021e-02
   5.74174638587193e-02
   6.25570467252591e-02
   6.77330770227432e-02
   7.29668988798201e-02
   7.82805257804649e-02
   8.36947876402622e-02
   8.92267429217566e-02
   9.48861561329380e-02
   1.00670822460996e-01
   1.06560549046898e-01
   1.12509729742305e-01
   1.18438761464521e-01
   1.24225159479296e-01
   1.29696246965749e-01
   1.34626723300226e-01
   1.38745918475188e-01
   1.41760085892220e-01
   1.43392709527472e-01
   1.43438297998385e-01
   1.41812997921884e-01
   1.38576762017984e-01
   1.33912104225994e-01
   1.28074370712742e-01
   1.21338752894340e-01
   1.13960672928481e-01
   1.06154034793168e-01
   9.80843356220644e-02
   8.98712634047015e-02
   8.15959622412585e-02
   7.33096614840476e-02
   6.50418070625465e-02
   5.68068634687791e-02
   4.86095741455970e-02
   4.04487862322006e-02
   3.23200763218802e-02
   2.42174415697243e-02
   1.61342990629992e-02
   8.06399695301197e-03
   5.73711883190239e-03
   1.14614139638595e-02
   1.71605340291118e-02
   2.28233516193667e-02
   2.84405408554788e-02
   3.40051085719547e-02
   3.95128570253521e-02
   4.49627515174008e-02
   5.03571617694020e-02
   5.57019415201200e-02
   6.10063065162171e-02
   6.62824662848591e-02
   7.15449589615310e-02
   7.68096300915544e-02
   8.20921853248580e-02
   8.74062342127397e-02
   9.27607314062506e-02
   9.81567202993972e-02
   1.03583307082070e-01
   1.09012864141773e-01
   1.14395615866624e-01
   1.19654041356512e-01
   1.24677977884643e-01
   1.29321928219529e-01
   1.33406757659954e-01
   1.36728392829271e-01
   1.39075683341114e-01
   1.40257439457780e-01
   1.40134389330195e-01
   1.38646641122652e-01
   1.35825153179391e-01
   1.31781408294911e-01
   1.26681050620276e-01
   1.20712936380238e-01
   1.14062967659642e-01
   1.06896922220533e-01
   9.93522278764727e-02
   9.15364910963534e-02
   8.35301518390832e-02
   7.53910792634958e-02
   6.71596235075650e-02
   5.88632748858825e-02
   5.05205449994130e-02
   4.21439748980744e-02
   3.37423334664357e-02
   2.53221390465556e-02
   1.68886549991739e-02
   8.44650073786194e-03
   6.16049568805107e-03
   1.23032375681964e-02
   1.84109789370046e-02
   2.44677797800539e-02
   3.04596236431552e-02
   3.63749836754960e-02
   4.22053115659711e-02
   4.79454172234341e-02
   5.35937019023980e-02
   5.91522038084361e-02
   6.46264133621303e-02
   7.00248150501507e-02
   7.53581134913353e-02
   8.06381022356514e-02
   8.58761346491907e-02
   9.10811581342011e-02
   9.62572793694420e-02
   1.01400846135043e-01
   1.06497071847080e-01
   1.11516308035238e-01
   1.16410206685934e-01
   1.21108225468098e-01
   1.25515216263733e-01
   1.29511164394427e-01
   1.32954402360787e-01
   1.35689591899455e-01
   1.37561141399354e-01
   1.38431230462907e-01
   1.38199345014533e-01
   1.36818085033088e-01
   1.34299740717475e-01
   1.30711127376451e-01
   1.26159137055647e-01
   1.20772457688716e-01
   1.14684642213389e-01
   1.08021568597159e-01
   1.00894067574810e-01
   9.33950101507790e-02
   8.55995373655463e-02
   7.75671073758935e-02
   6.93443163351952e-02
   6.09678003047191e-02
   5.24668319399341e-02
   4.38654488954089e-02
   3.51840918199175e-02
   2.64408057886322e-02
   1.76520905159201e-02
   8.83348952330642e-03
   6.60208893803167e-03
   1.31808311324930e-02
   1.97134362650600e-02
   2.61785336208694e-02
   3.25568489326024e-02
   3.88318315657841e-02
   4.49902018369452e-02
   5.10223800539329e-02
   5.69227523629293e-02
   6.26897251865768e-02
   6.83255208366937e-02
   7.38356718195598e-02
   7.92281796257313e-02
   8.45123141763756e-02
   8.96970416523034e-02
   9.47890814545030e-02
   9.97906099245199e-02
   1.04696654227684e-01
   1.09492262137571e-01
   1.14149601668538e-01
   1.18625246942749e-01
   1.22858045509108e-01
   1.26768124552003e-01
   1.30257738205383e-01
   1.33214704191678e-01
   1.35519002099274e-01
   1.37052574762571e-01
   1.37711436322512e-01
   1.37418023125333e-01
   1.36130851251672e-01
   1.33848708387974e-01
   1.30608191320403e-01
   1.26475721492922e-01
   1.21536750148751e-01
   1.15885021828160e-01
   1.09613887797100e-01
   1.02810495091291e-01
   9.55527504141330e-02
   8.79084497809390e-02
   7.99358204791924e-02
   7.16848038146239e-02
   6.31985859878820e-02
   5.45150734092537e-02
   4.56681634696154e-02
   3.66887682933490e-02
   2.76056106316047e-02
   1.84458385473408e-02
   9.23551097489701e-03
   7.06750933032097e-03
   1.41053605319783e-02
   2.10845139331929e-02
   2.79774900056185e-02
   3.47591282437602e-02
   4.14073057057453e-02
   4.79035811288345e-02
   5.42337182498601e-02
   6.03880325935887e-02
   6.63615021643026e-02
   7.21535858932865e-02
   7.77677046100931e-02
   8.32103563875792e-02
   8.84898589126393e-02
   9.36147335133829e-02
   9.85917672344482e-02
   1.03423811636715e-01
   1.08107403002514e-01
   1.12630323424801e-01
   1.16969271209519e-01
   1.21087875050089e-01
   1.24935366002321e-01
   1.28446299156129e-01
   1.31541760817689e-01
   1.34132455733806e-01
   1.36123880125172e-01
   1.37423403451353e-01
   1.37948523811562e-01
   1.37634970839932e-01
   1.36442985317391e-01
   1.34360315466436e-01
   1.31401324604962e-01
   1.27602759113398e-01
   1.23017570790456e-01
   1.17708383154833e-01
   1.11741832588634e-01
   1.05184419445863e-01
   9.80999574494264e-02
   9.05483566393251e-02
   8.25853317387904e-02
   7.42626394168848e-02
   6.56285418184678e-02
   5.67283094844196e-02
   4.76046769580870e-02
   3.82982331327330e-02
   2.88477649494931e-02
   1.92905844669214e-02
   9.66286496129056e-03
   7.56308401841716e-03
   1.50894124317645e-02
   2.25429174300402e-02
   2.98892504825646e-02
   3.70966450256161e-02
   4.41367604504033e-02
   5.09854693906990e-02
   5.76235310651821e-02
   6.40370785764155e-02
   7.02178420075504e-02
   7.61630349408124e-02
   8.18748502486185e-02
   8.73595393454866e-02
   9.26260828557279e-02
   9.76844944500855e-02
   1.02543829362263e-01
   1.07209993589263e-01
   1.11683470942174e-01
   1.15957107012545e-01
   1.20014115887055e-01
   1.23826508602199e-01
   1.27354177879511e-01
   1.30544899446966e-01
   1.33335504557460e-01
   1.35654412031622e-01
   1.37425553123307e-01
   1.38573468764474e-01
   1.39029038446118e-01
   1.38735005886296e-01
   1.37650340756465e-01
   1.35752644721194e-01
   1.33038280295009e-01
   1.29520497140443e-01
   1.25226282077536e-01
   1.20192797290278e-01
   1.14464114057796e-01
   1.08088637599936e-01
   1.01117306706544e-01
   9.36024381185968e-02
   8.55969978172000e-02
   7.71540954271930e-02
   6.83265672727514e-02
   5.91665936022670e-02
   4.97253569705303e-02
   4.00527805661609e-02
   3.01973896880668e-02
   2.02063255351980e-02
   1.01255179000698e-02
   8.09592414631335e-03
   1.61471348823352e-02
   2.41096724485942e-02
   3.19414552800785e-02
   3.96032654534640e-02
   4.70597561282254e-02
   5.42804392564341e-02
   6.12405810499774e-02
   6.79219079537507e-02
   7.43130145278928e-02
   8.04093721906434e-02
   8.62128656451024e-02
   9.17308280867095e-02
   9.69745984181196e-02
   1.01957673387446e-01
   1.06693566544863e-01
   1.11193510679369e-01
   1.15464152652144e-01
   1.19505394409176e-01
   1.23308537017956e-01
   1.26854888862900e-01
   1.30115002835994e-01
   1.33048702697310e-01
   1.35606032602599e-01
   1.37729200665836e-01
   1.39355476099551e-01
   1.40420842681893e-01
   1.40864035965281e-01
   1.40630452444255e-01
   1.39675385139157e-01
   1.37966160874665e-01
   1.35483015712909e-01
   1.32218853309219e-01
   1.28178258086644e-01
   1.23376198015814e-01
   1.17836755340487e-01
   1.11592041486916e-01
   1.04681276953031e-01
   9.71499149621053e-02
   8.90486794632568e-02
   8.04324511339278e-02
   7.13590244389475e-02
   6.18878321670326e-02
   5.20787677956505e-02
   4.19912285894634e-02
   3.16834656857848e-02
   2.12122780087900e-02
   1.06330383170334e-02
   8.67399903843514e-03
   1.72943965056170e-02
   2.58083878855250e-02
   3.41651717579506e-02
   4.23170700568618e-02
   5.02207406952249e-02
   5.78384382134310e-02
   6.51392286278479e-02
   7.21000226799498e-02
   7.87062695570644e-02
   8.49521610406315e-02
   9.08402374758330e-02
   9.63803557117234e-02
   1.01588059950785e-01
   1.06482470296934e-01
   1.11083855493239e-01
   1.15411079681166e-01
   1.19479111235994e-01
   1.23296763982719e-01
   1.26864817421560e-01
   1.30174639828726e-01
   1.33207417728578e-01
   1.35934073296410e-01
   1.38315920027319e-01
   1.40306058275265e-01
   1.41851441918608e-01
   1.42895460633409e-01
   1.43380797210798e-01
   1.43252265766242e-01
   1.42459345899463e-01
   1.40958214749629e-01
   1.38713224233996e-01
   1.35697919562142e-01
   1.31895780785649e-01
   1.27300851807443e-01
   1.21918311859704e-01
   1.15764899676964e-01
   1.08868994856200e-01
   1.01270150196180e-01
   9.30179627496230e-02
   8.41703283651050e-02
   7.47912763237202e-02
   6.49486708311575e-02
   5.47120744548057e-02
   4.41510097344791e-02
   3.33337610297755e-02
   2.23267602488014e-02
   1.11945176285532e-02
   9.30620618800551e-03
   1.85489454547830e-02
   2.76655375658132e-02
   3.65953395901746e-02
   4.52809993293456e-02
   5.36699174740551e-02
   6.17158750201071e-02
   6.93807033029051e-02
   7.66358024563539e-02
   8.34632710208626e-02
   8.98564141075303e-02
   9.58194587656265e-02
   1.01366413720277e-01
   1.06519139071193e-01
   1.11304804762395e-01
   1.15752987272099e-01
   1.19892672642360e-01
   1.23749409014424e-01
   1.27342801420618e-01
   1.30684484334529e-01
   1.33776656182062e-01
   1.36611219536670e-01
   1.39169539229304e-01
   1.41422802554457e-01
   1.43332935529115e-01
   1.44853994601460e-01
   1.45933918293047e-01
   1.46516498775603e-01
   1.46543434061161e-01
   1.45956358791475e-01
   1.44698823779234e-01
   1.42718278957301e-01
   1.39968170288500e-01
   1.36410245262870e-01
   1.32017053123933e-01
   1.26774446868422e-01
   1.20683712187163e-01
   1.13762856499424e-01
   1.06046662239811e-01
   9.75853461803602e-02
   8.84419859019467e-02
   7.86891452427753e-02
   6.84052576512229e-02
   5.76712944612823e-02
   4.65681029471639e-02
   3.51746162823755e-02
   2.35669699071913e-02
   1.18184346033563e-02
   1.00024180608867e-02
   1.99305343545950e-02
   2.97107199996471e-02
   3.92712357107699e-02
   4.85435916178711e-02
   5.74643024295300e-02
   6.59770042618490e-02
   7.40347740584297e-02
   8.16023705392597e-02
   8.86580322935873e-02
   9.51944613173604e-02
   1.01218710615811e-01
   1.06750870151735e-01
   1.11821656587003e-01
   1.16469192228094e-01
   1.20735357551474e-01
   1.24662107340238e-01
   1.28288074170831e-01
   1.31645681281017e-01
   1.34758883243635e-01
   1.37641568165814e-01
   1.40296596377461e-01
   1.42715415067383e-01
   1.44878169069742e-01
   1.46754218445631e-01
   1.48302970750532e-01
   1.49474942043100e-01
   1.50212982041228e-01
   1.50453642305271e-01
   1.50128733502316e-01
   1.49167197774664e-01
   1.47497486844353e-01
   1.45050642688452e-01
   1.41764180838933e-01
   1.37586654777686e-01
   1.32482463286468e-01
   1.26436150998986e-01
   1.19455300946034e-01
   1.11571267002622e-01
   1.02837460361045e-01
   9.33255160990360e-02
   8.31201505076603e-02
   7.23136992814004e-02
   6.10012057700052e-02
   4.92766333461862e-02
   3.72304489669941e-02
   2.49485598756328e-02
   1.25124152409516e-02
   1.07734743823255e-02
   2.14609545423680e-02
   3.19768257994024e-02
   4.22368912681865e-02
   5.21597668498103e-02
   6.16689630865643e-02
   7.06956504834526e-02
   7.91819093810347e-02
   8.70840577841984e-02
   9.43754896440649e-02
   1.01048415152574e-01
   1.07114026303828e-01
   1.12600903609322e-01
   1.17551840475061e-01
   1.22019558250340e-01
   1.26061924560144e-01
   1.29737258812579e-01
   1.33100164608019e-01
   1.36198142260510e-01
   1.39069063876947e-01
   1.41739468281756e-01
   1.44223558741057e-01
   1.46522753922659e-01
   1.48625638618104e-01
   1.50508174755794e-01
   1.52134060170973e-01
   1.53455163574084e-01
   1.54412024404731e-01
   1.54934490952285e-01
   1.54942678069670e-01
   1.54348541734754e-01
   1.53058455472626e-01
   1.50977174739399e-01
   1.48013419550708e-01
   1.44086941181968e-01
   1.39136384617316e-01
   1.33126661917753e-01
   1.26054200363660e-01
   1.17948639933509e-01
   1.08870420853909e-01
   9.89048795947916e-02
   8.81543479690672e-02
   7.67299769550624e-02
   6.47446708652665e-02
   5.23079269437848e-02
   3.95228105776921e-02
   2.64849005303549e-02
   1.32828318747147e-02
   1.16310702391740e-02
   2.31638883878341e-02
   3.44999963953943e-02
   4.55413433532529e-02
   5.61915676793016e-02
   6.63584090671487e-02
   7.59573212210358e-02
   8.49160587821603e-02
   9.31796595451344e-02
   1.00714931374125e-01
   1.07513426005006e-01
   1.13592066682539e-01
   1.18991099138492e-01
   1.23769677598183e-01
   1.27999903323841e-01
   1.31760324865584e-01
   1.35129793215542e-01
   1.38182269931154e-01
   1.40982856866375e-01
   1.43585048370070e-01
   1.46029035983314e-01
   1.48340814763666e-01
   1.50531824043201e-01
   1.52598877557110e-01
   1.54524180422240e-01
   1.56275285967364e-01
   1.57804915972701e-01
   1.59050661839330e-01
   1.59934711318756e-01
   1.60363909419620e-01
   1.60230650146193e-01
   1.59415265134911e-01
   1.57790641460379e-01
   1.55229637761933e-01
   1.51615341568504e-01
   1.46853271672003e-01
   1.40883460452112e-01
   1.33689483049826e-01
   1.25301679137948e-01
   1.15793423169374e-01
   1.05271655134944e-01
   9.38644998113077e-02
   8.17089905868671e-02
   6.89410544595646e-02
   5.56887486733768e-02
   4.20687931659893e-02
   2.81858966500143e-02
   1.41341774609662e-02
   1.25874638821756e-02
   2.50644375136695e-02
   3.73191874341049e-02
   4.92385250944737e-02
   6.07086980807453e-02
   7.16180611420668e-02
   8.18617629387964e-02
   9.13482489287963e-02
   1.00006788567028e-01
   1.07794628674357e-01
   1.14702033802744e-01
   1.20753706446568e-01
   1.26005970600074e-01
   1.30540301888565e-01
   1.34454680438812e-01
   1.37854479856061e-01
   1.40844273961417e-01
   1.43521351992791e-01
   1.45971164688559e-01
   1.48264523574929e-01
   1.50456166308972e-01
   1.52584238796963e-01
   1.54670270814048e-01
   1.56719288060023e-01
   1.58719782101146e-01
   1.60643341702389e-01
   1.62443840816418e-01
   1.64056196436677e-01
   1.65394875317094e-01
   1.66352561414912e-01
   1.66799698737474e-01
   1.66585959918760e-01
   1.65544948293333e-01
   1.63503404639761e-01
   1.60295551276120e-01
   1.55781699450932e-01
   1.49867973722982e-01
   1.42521876413218e-01
   1.33778177781457e-01
   1.23732656936273e-01
   1.12526239369955e-01
   1.00325120261353e-01
   8.73022317061767e-02
   7.36232880715392e-02
   5.94383754934835e-02
   4.48785437330305e-02
   3.00562119664560e-02
   1.50681467143210e-02
   1.36548916123261e-02
   2.71881121571754e-02
   4.04750453394414e-02
   5.33864723194486e-02
   6.57885774292989e-02
   7.75456423703877e-02
   8.85260065615286e-02
   9.86112778153717e-02
   1.07707802670212e-01
   1.15758225388998e-01
   1.22750102042325e-01
   1.28718729798073e-01
   1.33742979834480e-01
   1.37935295434120e-01
   1.41428645817236e-01
   1.44363422193947e-01
   1.46876405384300e-01
   1.49092765679978e-01
   1.51121102961254e-01
   1.53050980222934e-01
   1.54952198844590e-01
   1.56875079777713e-01
   1.58851131092621e-01
   1.60893620511502e-01
   1.62997694808724e-01
   1.65139790378035e-01
   1.67276175762527e-01
   1.69340587187371e-01
   1.71241103411369e-01
   1.72856705022859e-01
   1.74034418066509e-01
   1.74588554789358e-01
   1.74304228807461e-01
   1.72947719780157e-01
   1.70285778329096e-01
   1.66113784749301e-01
   1.60288392356573e-01
   1.52755141560527e-01
   1.43559493434471e-01
   1.32835495390121e-01
   1.20777936341806e-01
   1.07609615899540e-01
   9.35533208015458e-02
   7.88129646014254e-02
   6.35640718056443e-02
   4.79516175566985e-02
   3.20927549223252e-02
   1.60823618092332e-02
   1.48445301622904e-02
   2.95589689487371e-02
   4.40076541362777e-02
   5.80453294632887e-02
   7.15154204281967e-02
   8.42521739924101e-02
   9.60879083562011e-02
   1.06865922103315e-01
   1.16458078658112e-01
   1.24783804502702e-01
   1.31825116859495e-01
   1.37632073646559e-01
   1.42316094192702e-01
   1.46033634739348e-01
   1.48965756760533e-01
   1.51298900744262e-01
   1.53210054023976e-01
   1.54857227289662e-01
   1.56374635586236e-01
   1.57871317744238e-01
   1.59431857405787e-01
   1.61118082838449e-01
   1.62970907783412e-01
   1.65011722584647e-01
   1.67242918747733e-01
   1.69647237945401e-01
   1.72185708047361e-01
   1.74794010015196e-01
   1.77377275758385e-01
   1.79803639394614e-01
   1.81897468865697e-01
   1.83434201548979e-01
   1.84140097426517e-01
   1.83701670949646e-01
   1.81790043230546e-01
   1.78103021225171e-01
   1.72420173954732e-01
   1.64654047424219e-01
   1.54872128972818e-01
   1.43274580323962e-01
   1.30142785834409e-01
   1.15784174361771e-01
   1.00490248878850e-01
   8.45126392923265e-02
   6.80544701194154e-02
   5.12719159322551e-02
   3.42813181220281e-02
   1.71687082931816e-02
   1.61647935571399e-02
   3.21964634588450e-02
   4.79525024962377e-02
   6.32733397896799e-02
   7.79775009357817e-02
   9.18619470525888e-02
   1.04710064692732e-01
   1.16309257517518e-01
   1.26477906436812e-01
   1.35097191343523e-01
   1.42138139592706e-01
   1.47672248139811e-01
   1.51859808034561e-01
   1.54921719302899e-01
   1.57106361113626e-01
   1.58661054703032e-01
   1.59812516790783e-01
   1.60756416935018e-01
   1.61653965468942e-01
   1.62632955674822e-01
   1.63791053374104e-01
   1.65199753122382e-01
   1.66907983112511e-01
   1.68944731751221e-01
   1.71320286359051e-01
   1.74025758035932e-01
   1.77030567349010e-01
   1.80277542492181e-01
   1.83675317701657e-01
   1.87087949527201e-01
   1.90322312794857e-01
   1.93115217518630e-01
   1.95124638931512e-01
   1.95932974905360e-01
   1.95073638746964e-01
   1.92091788801769e-01
   1.86638695886765e-01
   1.78571948315266e-01
   1.68003327755547e-01
   1.55250563152035e-01
   1.40736813634912e-01
   1.24896108928672e-01
   1.08112616685461e-01
   9.06943167764178e-02
   7.28703795922986e-02
   5.48010636916581e-02
   3.65923767240267e-02
   1.83113135868716e-02
   1.76187056287251e-02
   3.51104587009595e-02
   5.23337623288682e-02
   6.91195694934773e-02
   8.52611655018026e-02
   1.00510234409883e-01
   1.14583638185419e-01
   1.27185924211511e-01
   1.38050167985249e-01
   1.46992253224121e-01
   1.53961594231417e-01
   1.59062801524962e-01
   1.62533222081075e-01
   1.64691328703475e-01
   1.65881354566360e-01
   1.66431047551932e-01
   1.66627295805200e-01
   1.66706839292994e-01
   1.66856841024608e-01
   1.67220558791891e-01
   1.67904784135856e-01
   1.68987072820210e-01
   1.70521740824407e-01
   1.72544135917908e-01
   1.75072916458549e-01
   1.78110077460823e-01
   1.81638334291199e-01
   1.85615264306521e-01
   1.89963388227735e-01
   1.94555289584114e-01
   1.99193233762930e-01
   2.03584174048257e-01
   2.07314544241339e-01
   2.09836033645073e-01
   2.10483619029566e-01
   2.08555443631243e-01
   2.03474276030367e-01
   1.94994872035774e-01
   1.83321554818528e-01
   1.68990138773694e-01
   1.52660118575063e-01
   1.34952858693905e-01
   1.16371518412973e-01
   9.72830505339790e-02
   7.79327749586166e-02
   5.84703746077376e-02
   3.89762865393995e-02
   1.94843266795089e-02
   1.92000847093855e-02
   3.82937554901057e-02
   5.71537034946679e-02
   7.56115217620148e-02
   9.34391875719799e-02
   1.10336327477729e-01
   1.25930770121499e-01
   1.39803362719105e-01
   1.51547594109008e-01
   1.60863328383896e-01
   1.67656700142293e-01
   1.72087892259841e-01
   1.74522917377300e-01
   1.75433185710568e-01
   1.75301029353026e-01
   1.74558996605893e-01
   1.73563434887471e-01
   1.72591582840744e-01
   1.71850883982054e-01
   1.71492621301629e-01
   1.71625481327356e-01
   1.72327084864980e-01
   1.73652864019792e-01
   1.75642247125623e-01
   1.78322237595507e-01
   1.81708330834822e-01
   1.85802395627015e-01
   1.90586677457238e-01
   1.96012464507318e-01
   2.01981248735982e-01
   2.08315680629407e-01
   2.14718064772050e-01
   2.20717519270803e-01
   2.25616993683905e-01
   2.28473150099963e-01
   2.28175658683835e-01
   2.23711424865951e-01
   2.14614792841101e-01
   2.01300704493467e-01
   1.84730871729570e-01
   1.65962936402250e-01
   1.45885673903517e-01
   1.25139237655968e-01
   1.04134981051212e-01
   8.31083788414838e-02
   6.21721484638604e-02
   4.13585329341668e-02
   2.06498603110725e-02
   2.08883795336090e-02
   4.17116059672914e-02
   6.23769296456316e-02
   8.27350999995138e-02
   1.02549519967913e-01
   1.21467204539565e-01
   1.39002131341291e-01
   1.54551823212278e-01
   1.67476447590226e-01
   1.77259952634961e-01
   1.83717414470687e-01
   1.87112805906669e-01
   1.88041236567528e-01
   1.87221528977391e-01
   1.85334819088817e-01
   1.82944872057823e-01
   1.80480401890462e-01
   1.78249831758373e-01
   1.76467250666423e-01
   1.75278402403679e-01
   1.74782337492194e-01
   1.75047864589534e-01
   1.76125346913620e-01
   1.78054714512105e-01
   1.80870399024172e-01
   1.84603515027758e-01
   1.89281081649332e-01
   1.94921346837973e-01
   2.01523205565989e-01
   2.09046103958076e-01
   2.17374582590462e-01
   2.26259138558109e-01
   2.35224557048344e-01
   2.43445167565664e-01
   2.49620022804021e-01
   2.51966093559264e-01
   2.48584219560297e-01
   2.38455175461047e-01
   2.22538350570882e-01
   2.02672195471132e-01
   1.80577296725858e-01
   1.57489597314317e-01
   1.34166424046462e-01
   1.11010610721144e-01
   8.81946668438616e-02
   6.57520627137828e-02
   4.36362890878888e-02
   2.17567311037340e-02
   2.26423146262956e-02
   4.52881655959664e-02
   6.79084301249879e-02
   9.04038583422199e-02
   1.12558319061314e-01
   1.33982863909826e-01
   1.54061035755621e-01
   1.71927932549669e-01
   1.86549263128103e-01
   1.96985711450901e-01
   2.02843525479008e-01
   2.04608226916951e-01
   2.03311445444684e-01
   2.00080814588144e-01
   1.95875957676362e-01
   1.91409536438315e-01
   1.87167870591746e-01
   1.83464610685529e-01
   1.80494501856717e-01
   1.78376096418834e-01
   1.77182357240738e-01
   1.76961484243594e-01
   1.77750759406998e-01
   1.79585679730836e-01
   1.82505923814899e-01
   1.86559003962389e-01
   1.91801765611006e-01
   1.98299041293922e-01
   2.06117429042411e-01
   2.15309786320538e-01
   2.25881682272608e-01
   2.37723475545818e-01
   2.50480362865801e-01
   2.63322875557964e-01
   2.74599262817014e-01
   2.81487846103834e-01
   2.80207334372613e-01
   2.68086253974349e-01
   2.47727996040808e-01
   2.22844676172164e-01
   1.96186606302569e-01
   1.69330870706270e-01
   1.43027847572795e-01
   1.17547683563244e-01
   9.29086390395113e-02
   6.90058787013493e-02
   4.56782683342260e-02
   2.27409196465829e-02
   2.43931839574100e-02
   4.88910903349733e-02
   7.35658492133593e-02
   9.84149644197289e-02
   1.23298705313893e-01
   1.47846850569592e-01
   1.71333443324520e-01
   1.92552099753241e-01
   2.09809704812079e-01
   2.21293088395140e-01
   2.26065959623066e-01
   2.25168553987505e-01
   2.20519124538333e-01
   2.13918129095915e-01
   2.06682629085989e-01
   1.99653562608670e-01
   1.93321181710163e-01
   1.87950600092729e-01
   1.83674506046194e-01
   1.80553656715531e-01
   1.78614100583253e-01
   1.77869583670425e-01
   1.78335173677823e-01
   1.80035967978273e-01
   1.83013240107599e-01
   1.87329400820104e-01
   1.93072468137689e-01
   2.00360081084681e-01
   2.09342047200501e-01
   2.20198183497303e-01
   2.33123010391107e-01
   2.48276700099792e-01
   2.65654365024908e-01
   2.84770355764212e-01
   3.03969764396032e-01
   3.19181948654262e-01
   3.22674057701657e-01
   3.05957323136963e-01
   2.77445279205145e-01
   2.44794235677695e-01
   2.11995654906053e-01
   1.80621241968382e-01
   1.51067952987809e-01
   1.23244903390323e-01
   9.68873149058288e-02
   7.16852510474897e-02
   4.73304089598917e-02
   2.35288183624580e-02
   2.60397829990690e-02
   5.23179104325540e-02
   7.90499512786580e-02
   1.06392770098184e-01
   1.34376291864556e-01
   1.62774266028253e-01
   1.90875926340770e-01
   2.17139710412855e-01
   2.38847002167201e-01
   2.52313842194094e-01
   2.54961752732544e-01
   2.49484191033007e-01
   2.39681845520939e-01
   2.28393598756142e-01
   2.17286676536635e-01
   2.07204855473630e-01
   1.98516771712755e-01
   1.91346288730177e-01
   1.85703543325572e-01
   1.81554274691540e-01
   1.78855210496633e-01
   1.77572018569510e-01
   1.77688844264419e-01
   1.79214238836597e-01
   1.82186109778289e-01
   1.86677296396530e-01
   1.92802975787248e-01
   2.00731046250647e-01
   2.10696684245234e-01
   2.23021972838086e-01
   2.38139435824236e-01
   2.56609771180686e-01
   2.79093709604998e-01
   3.06137918375031e-01
   3.37330809026313e-01
   3.68599250594129e-01
   3.85352542293978e-01
   3.55626401659332e-01
   3.11304034107317e-01
   2.66893567504594e-01
   2.26382525484236e-01
   1.90092226650747e-01
   1.57379297868793e-01
   1.27477877414693e-01
   9.97114140096492e-02
   7.35180792462289e-02
   4.84297038057811e-02
   2.40440780914905e-02
   2.74484695048864e-02
   5.52915312218728e-02
   8.39242675915090e-02
   1.13731137953620e-01
   1.45040957732212e-01
   1.77999786262343e-01
   2.12258327317509e-01
   2.46286096497164e-01
   2.76127265382585e-01
   2.94156259373388e-01
   2.91985959608439e-01
   2.78127748130883e-01
   2.60333785036176e-01
   2.42691227832594e-01
   2.26869258490077e-01
   2.13366182848402e-01
   2.02198652861236e-01
   1.93218235358302e-01
   1.86243186221644e-01
   1.81108840320907e-01
   1.77684652610403e-01
   1.75878675216778e-01
   1.75638202700546e-01
   1.76950289863839e-01
   1.79843902650063e-01
   1.84394903088842e-01
   1.90735244149266e-01
   1.99068526737269e-01
   2.09695668132021e-01
   2.23057483754189e-01
   2.39806767806098e-01
   2.60932886029565e-01
   2.87976284162223e-01
   3.23360139145242e-01
   3.70619469443681e-01
   4.32534683478880e-01
   4.94513243193776e-01
   4.19894283347164e-01
   3.45253246858824e-01
   2.85095607306375e-01
   2.36550551364440e-01
   1.95987498868290e-01
   1.60880545289764e-01
   1.29577053759157e-01
   1.00963288614727e-01
   7.42465943742676e-02
   4.88266356926602e-02
   2.42179169572086e-02
   2.84629737743713e-02
   5.74761549137129e-02
   8.76253911673121e-02
   1.19567756402814e-01
   1.54058067626303e-01
   1.91927292517217e-01
   2.33873436503591e-01
   2.79621248074529e-01
   3.25222087730642e-01
   3.56200562901251e-01
   3.40700867648670e-01
   3.10710030899825e-01
   2.80837464352167e-01
   2.55171572762205e-01
   2.34136394270770e-01
   2.17195541169996e-01
   2.03697111989961e-01
   1.93088602332532e-01
   1.84945996887443e-01
   1.78957184831791e-01
   1.74899871113160e-01
   1.72623846758114e-01
   1.72039037657709e-01
   1.73108851261913e-01
   1.75848327089242e-01
   1.80327155175271e-01
   1.86678507568381e-01
   1.95116019613150e-01
   2.05963767974863e-01
   2.19709220184113e-01
   2.37100848550100e-01
   2.59342178639306e-01
   2.88521720594325e-01
   3.28710051325730e-01
   3.89255248473218e-01
   4.96409597004424e-01
   7.40274103065890e-01
   4.84186684108588e-01
   3.64721298908101e-01
   2.91687085198229e-01
   2.38738373546509e-01
   1.96428243484784e-01
   1.60579668034651e-01
   1.28987602614052e-01
   1.00318949204472e-01
   7.36789862995494e-02
   4.84126939467595e-02
   2.40010738216049e-02
   2.89276571380810e-02
   5.85253618646135e-02
   8.95342723945973e-02
   1.22857559099562e-01
   1.59697632052128e-01
   2.01779479247386e-01
   2.51688701532904e-01
   3.13105410449069e-01
   3.88941519648807e-01
   4.64725478078472e-01
   4.03909543728411e-01
   3.43176843787145e-01
   2.97137430599616e-01
   2.63024315232115e-01
   2.37312450671331e-01
   2.17585843074220e-01
   2.02309126271542e-01
   1.90496632239919e-01
   1.81498658757866e-01
   1.74877737770342e-01
   1.70337553717002e-01
   1.67681587610398e-01
   1.66789049913834e-01
   1.67601550216169e-01
   1.70117183227491e-01
   1.74390635622325e-01
   1.80539317436668e-01
   1.88756920682890e-01
   1.99337732182086e-01
   2.12718258034893e-01
   2.29548600609454e-01
   2.50816514464161e-01
   2.78061492493902e-01
   3.13706078207382e-01
   3.61284702458062e-01
   4.23577013592070e-01
   4.85989372559465e-01
   4.11859350247738e-01
   3.37760284454989e-01
   2.78194964028377e-01
   2.30289308159279e-01
   1.90408912437325e-01
   1.56023539435347e-01
   1.25475773617398e-01
   9.76467255989587e-02
   7.17382837570031e-02
   4.71444244124547e-02
   2.33737967135807e-02
   2.87226543652725e-02
   5.81639597425072e-02
   8.91296060409796e-02
   1.22631631653999e-01
   1.60096700583492e-01
   2.03805785319715e-01
   2.57998183427856e-01
   3.32172077250629e-01
   4.52715199618735e-01
   7.09852566490067e-01
   4.67037438915534e-01
   3.60952985718118e-01
   3.01513865703417e-01
   2.62478712475858e-01
   2.34506282097012e-01
   2.13529399617413e-01
   1.97460163283854e-01
   1.85093473435661e-01
   1.75677672277376e-01
   1.68721015954168e-01
   1.63894524139696e-01
   1.60979434834840e-01
   1.59837573340816e-01
   1.60394665390487e-01
   1.62631754103109e-01
   1.66582391515492e-01
   1.72334667215552e-01
   1.80038017288122e-01
   1.89915314532973e-01
   2.02280726981692e-01
   2.17561931541047e-01
   2.36316826069198e-01
   2.59204574439707e-01
   2.86770850579515e-01
   3.18603109003851e-01
   3.50626866964233e-01
   3.68249343558362e-01
   3.39503206851201e-01
   2.96267490272473e-01
   2.53044955265325e-01
   2.13816564395626e-01
   1.78895939554012e-01
   1.47630978804697e-01
   1.19246192262228e-01
   9.30546484433988e-02
   6.84835363126018e-02
   4.50532444728152e-02
   2.23497930748415e-02
   2.77993356432676e-02
   5.62787695067792e-02
   8.61893277626293e-02
   1.18443638833664e-01
   1.54252936923841e-01
   1.95350161607885e-01
   2.44327746668705e-01
   3.04871278773480e-01
   3.79896576557054e-01
   4.54934260324425e-01
   3.93436930847958e-01
   3.32086215755601e-01
   2.85488894921917e-01
   2.50873076301337e-01
   2.24707372016326e-01
   2.04568221370960e-01
   1.88911657750066e-01
   1.76742509753620e-01
   1.67400691660932e-01
   1.60437334008077e-01
   1.55543336737673e-01
   1.52507325755060e-01
   1.51190428013109e-01
   1.51511068434783e-01
   1.53436047073783e-01
   1.56975752807191e-01
   1.62182145994995e-01
   1.69148316795990e-01
   1.78007865743669e-01
   1.88930409480211e-01
   2.02104487747375e-01
   2.17687097059453e-01
   2.35671828697010e-01
   2.55572216980404e-01
   2.75732458490251e-01
   2.92080300864288e-01
   2.96880074854001e-01
   2.81638629965346e-01
   2.54763333302939e-01
   2.23902446516531e-01
   1.93037518089233e-01
   1.63728580130403e-01
   1.36359331103902e-01
   1.10824261223065e-01
   8.68428356727025e-02
   6.40884656341456e-02
   4.22355209087460e-02
   2.09722272943457e-02
   2.61962261067366e-02
   5.29629616732482e-02
   8.09059999539806e-02
   1.10701555076459e-01
   1.43122331080934e-01
   1.79015445034601e-01
   2.19092807531956e-01
   2.63090329778603e-01
   3.07067345838582e-01
   3.36552900927157e-01
   3.19691888545594e-01
   2.88468269169110e-01
   2.57484767381103e-01
   2.30819788912804e-01
   2.08884478492580e-01
   1.91127122382775e-01
   1.76878487622423e-01
   1.65567040306501e-01
   1.56748135959189e-01
   1.50087226155069e-01
   1.45337134397368e-01
   1.42319099309824e-01
   1.40908752524220e-01
   1.41026140993910e-01
   1.42628608066211e-01
   1.45705396901240e-01
   1.50272780467291e-01
   1.56368122622385e-01
   1.64040246148891e-01
   1.73331309604616e-01
   1.84241182234660e-01
   1.96657821600794e-01
   2.10225898544186e-01
   2.24116089025368e-01
   2.36676443398721e-01
   2.45083908172620e-01
   2.45553990686079e-01
   2.35409723647247e-01
   2.17246431522876e-01
   1.94765484540401e-01
   1.70703820989386e-01
   1.46622701171645e-01
   1.23254499274620e-01
   1.00849503121247e-01
   7.94046042829622e-02
   5.87924242859093e-02
   3.88284175093445e-02
   1.93036827409143e-02
   2.40228857099914e-02
   4.84713100142246e-02
   7.37707918580215e-02
   1.00335061315571e-01
   1.28520368447490e-01
   1.58497626630827e-01
   1.89939015527797e-01
   2.21331347999828e-01
   2.48731184639402e-01
   2.64519857858986e-01
   2.60311334654459e-01
   2.44612210701766e-01
   2.25164237777217e-01
   2.06039061101060e-01
   1.88885955071731e-01
   1.74179713309055e-01
   1.61910617911217e-01
   1.51901581822474e-01
   1.43940194962548e-01
   1.37828953883223e-01
   1.33401562319035e-01
   1.30525893633170e-01
   1.29102061777608e-01
   1.29058854664695e-01
   1.30349555563540e-01
   1.32947132014579e-01
   1.36838108650575e-01
   1.42013755176207e-01
   1.48456239997072e-01
   1.56115888942484e-01
   1.64873523440264e-01
   1.74479437485294e-01
   1.84460090025724e-01
   1.93991929810382e-01
   2.01775339664261e-01
   2.06026800779060e-01
   2.04844033062393e-01
   1.97201486582653e-01
   1.84048689739764e-01
   1.67210599633654e-01
   1.48390791027069e-01
   1.28804961175730e-01
   1.09187360890911e-01
   8.99153861548345e-02
   7.11342293918127e-02
   5.28486202538594e-02
   3.49822868264725e-02
   1.74141647487138e-02
   2.14242554863139e-02
   4.31290101103337e-02
   6.53713636315904e-02
   8.83482525737765e-02
   1.12127329063099e-01
   1.36516699210318e-01
   1.60835444243646e-01
   1.83566163582941e-01
   2.02007619718933e-01
   2.12485568983074e-01
   2.12423057282834e-01
   2.04506787618557e-01
   1.92522801191925e-01
   1.79288246587686e-01
   1.66442637475997e-01
   1.54797305258533e-01
   1.44684904443863e-01
   1.36190748453698e-01
   1.29284431743750e-01
   1.23889195129465e-01
   1.19916660008605e-01
   1.17283263442446e-01
   1.15917168291507e-01
   1.15760082031806e-01
   1.16766038981722e-01
   1.18897858323682e-01
   1.22121128498138e-01
   1.26394871589690e-01
   1.31657343105269e-01
   1.37804698209472e-01
   1.44659733819376e-01
   1.51928388287093e-01
   1.59145084164514e-01
   1.65618099089715e-01
   1.70407984474800e-01
   1.72405616281435e-01
   1.70595436003717e-01
   1.64504963387154e-01
   1.54537580906800e-01
   1.41638644103265e-01
   1.26844859931660e-01
   1.11019932104374e-01
   9.47753970200536e-02
   7.84911081391924e-02
   6.23688185521863e-02
   4.64859054361676e-02
   3.08381620715228e-02
   1.53707587718466e-02
   1.85453441606261e-02
   3.72494695322572e-02
   5.62378963489341e-02
   7.55598881869646e-02
   9.51247603105498e-02
   1.14607289900852e-01
   1.33320916164759e-01
   1.50091379707499e-01
   1.63248813675632e-01
   1.70993102134813e-01
   1.72390001962627e-01
   1.68470641977234e-01
   1.61133583253842e-01
   1.52150219698672e-01
   1.42800851297510e-01
   1.33883841580373e-01
   1.25842881414690e-01
   1.18894062367234e-01
   1.13119617926903e-01
   1.08528798808201e-01
   1.05094708884402e-01
   1.02775438708401e-01
   1.01525381198210e-01
   1.01300381167785e-01
   1.02058765999998e-01
   1.03759222197695e-01
   1.06355737730332e-01
   1.09789287426156e-01
   1.13975547833745e-01
   1.18787761566692e-01
   1.24034201589190e-01
   1.29431108117041e-01
   1.34575496720198e-01
   1.38929055567065e-01
   1.41834454236957e-01
   1.42593722859415e-01
   1.40628512200307e-01
   1.35686627630118e-01
   1.27959195808885e-01
   1.17962592832822e-01
   1.06331012986468e-01
   9.36553310037098e-02
   8.04038850006577e-02
   6.69054038634518e-02
   5.33644774147532e-02
   3.98883388687242e-02
   2.65138863023296e-02
   1.32307681203017e-02
   1.55078381585645e-02
   3.10859333987555e-02
   4.67712875441323e-02
   6.25291824024885e-02
   7.82051856825063e-02
   9.34675450754621e-02
   1.07750417957500e-01
   1.20230594555870e-01
   1.29904219892947e-01
   1.35849183493192e-01
   1.37674453714265e-01
   1.35853524536843e-01
   1.31392076020736e-01
   1.25379673855190e-01
   1.18728246613211e-01
   1.12095925923354e-01
   1.05910365441339e-01
   1.00424693476321e-01
   9.57729070963423e-02
   9.20134308611086e-02
   8.91597175080709e-02
   8.72001953362497e-02
   8.61103377609104e-02
   8.58590962621697e-02
   8.64112147679917e-02
   8.77263048168640e-02
   8.97550686067831e-02
   9.24327189691350e-02
   9.56694892992321e-02
   9.93382455518382e-02
   1.03259800042162e-01
   1.07187886978257e-01
   1.10798217960096e-01
   1.13689583154176e-01
   1.15408391470692e-01
   1.15507567445332e-01
   1.13639437491818e-01
   1.09654926283514e-01
   1.03650976898598e-01
   9.59224176317987e-02
   8.68620682447315e-02
   7.68671919804583e-02
   6.62800017153818e-02
   5.53626320337270e-02
   4.42957274808174e-02
   3.31893562865123e-02
   2.20984363120855e-02
   1.10384775620937e-02
   1.24002294715404e-02
   2.48153908746079e-02
   3.72324872196054e-02
   4.95808122382966e-02
   6.16997916203881e-02
   7.33079134938831e-02
   8.39833298789478e-02
   9.31771583353741e-02
   1.00289165723835e-01
   1.04825912382124e-01
   1.06606131061218e-01
   1.05878020169824e-01
   1.03202678943300e-01
   9.92493673614838e-02
   9.46378021961813e-02
   8.98625640085679e-02
   8.52793164451011e-02
   8.11228303041957e-02
   7.75353073767399e-02
   7.45937452825784e-02
   7.23319981653892e-02
   7.07567624665733e-02
   6.98581591261323e-02
   6.96159319085864e-02
   7.00021661506038e-02
   7.09811754284550e-02
   7.25069562704455e-02
   7.45184496803357e-02
   7.69328340280256e-02
   7.96372849548436e-02
   8.24801787633159e-02
   8.52636883449042e-02
   8.77411203658846e-02
   8.96238270442879e-02
   9.06030599886743e-02
   9.03897521552174e-02
   8.87677095071793e-02
   8.56435561741043e-02
   8.10681851529580e-02
   7.52147710115812e-02
   6.83283073102180e-02
   6.06719399950645e-02
   5.24867849824790e-02
   4.39697946624330e-02
   3.52667549457002e-02
   2.64751435009434e-02
   1.76521558340857e-02
   8.82474610678064e-03
   9.27781060940608e-03
   1.85431117298576e-02
   2.77627319793576e-02
   3.68621354720977e-02
   4.57056751006240e-02
   5.40814776862917e-02
   6.16983879657932e-02
   6.82061668007588e-02
   7.32500584561166e-02
   7.65599149017893e-02
   7.80469398059930e-02
   7.78506006195030e-02
   7.62921556337252e-02
   7.37782628859958e-02
   7.07120201807386e-02
   6.74382375644659e-02
   6.42225644743021e-02
   6.12530902424599e-02
   5.86528564500879e-02
   5.64953730053535e-02
   5.48189096267325e-02
   5.36378486591506e-02
   5.29507602230819e-02
   5.27454616211094e-02
   5.30014929519835e-02
   5.36904151575426e-02
   5.47742576323352e-02
   5.62023967399845e-02
   5.79071960162818e-02
   5.97989375138932e-02
   6.17609657268731e-02
   6.36465551929555e-02
   6.52796960326362e-02
   6.64624488569347e-02
   6.69911262104935e-02
   6.66814780190057e-02
   6.53988448573883e-02
   6.30840998433736e-02
   5.97640734332380e-02
   5.55407493001683e-02
   5.05649616719530e-02
   4.50059218837670e-02
   3.90257826649734e-02
   3.27633174458902e-02
   2.63265955515477e-02
   1.97924782988508e-02
   1.32103983104279e-02
   6.60838133248209e-03
   6.16798998625616e-03
   1.23166569920118e-02
   1.84133910037369e-02
   2.43995730177261e-02
   3.01795977658801e-02
   3.56142865693282e-02
   4.05229784714442e-02
   4.46995101646941e-02
   4.79454788322782e-02
   5.01172839077445e-02
   5.11716877268394e-02
   5.11858995692954e-02
   5.03377277332180e-02
   4.88601881597800e-02
   4.69944870905547e-02
   4.49565368008839e-02
   4.29203719189749e-02
   4.10148878750967e-02
   3.93284498941785e-02
   3.79167886347458e-02
   3.68112365331491e-02
   3.60257866619598e-02
   3.55623989028401e-02
   3.54144884837047e-02
   3.55687522337835e-02
   3.60055508800462e-02
   3.66980682098011e-02
   3.76104757997834e-02
   3.86953910764886e-02
   3.98910586617644e-02
   4.11189237337068e-02
   4.22825770440524e-02
   4.32693373780889e-02
   4.39557924260456e-02
   4.42181303609526e-02
   4.39467649593788e-02
   4.30626296729745e-02
   4.15304219790559e-02
   3.93637140896977e-02
   3.66196016275806e-02
   3.33852331232957e-02
   2.97613212076482e-02
   2.58473763142840e-02
   2.17313179219145e-02
   1.74840028773829e-02
   1.31578970387681e-02
   8.78864853553790e-03
   4.39840114156472e-03
   3.07754785819609e-03
   6.14222363409087e-03
   9.17472278535423e-03
   1.21433203337840e-02
   1.49990398693080e-02
   1.76733059557372e-02
   2.00799718963192e-02
   2.21236872573505e-02
   2.37153602703761e-02
   2.47923770758851e-02
   2.53369745364221e-02
   2.53839515936171e-02
   2.50130578415326e-02
   2.43306843887493e-02
   2.34496301087739e-02
   2.24734931223452e-02
   2.14879547429700e-02
   2.05581074577351e-02
   1.97297444558895e-02
   1.90325807698113e-02
   1.84839526714018e-02
   1.80921577724915e-02
   1.78590571716951e-02
   1.77818377685580e-02
   1.78539708361244e-02
   1.80654577419795e-02
   1.84024719633995e-02
   1.88465222642701e-02
   1.93732986584708e-02
   1.99514350261004e-02
   2.05415322693284e-02
   2.10959149586003e-02
   2.15596897441185e-02
   2.18736398955535e-02
   2.19792041779036e-02
   2.18251662372458e-02
   2.13748081470176e-02
   2.06115411357119e-02
   1.95410306006541e-02
   1.81889547261745e-02
   1.65952652665207e-02
   1.48069425618734e-02
   1.28712436270330e-02
   1.08307057873577e-02
   8.72030189143685e-03
   6.56652920261018e-03
   4.38793810909674e-03
   2.19658481266536e-03
