   4.52259369289365e-04
   9.04745341687617e-04
   1.35763073225221e-03
   1.81100002510742e-03
   2.26480473052305e-03
   2.71881836553859e-03
   3.17259134493943e-03
   3.62540642919958e-03
   4.07623582664834e-03
   4.52370157815473e-03
   4.96604144041228e-03
   5.40108308608853e-03
   5.82622998953174e-03
   6.23846277244641e-03
   6.63435992650146e-03
   7.01014157364581e-03
   7.36173913544861e-03
   7.68489235597856e-03
   7.97527302423001e-03
   8.22863205042152e-03
   8.44096349240415e-03
   8.60867608987375e-03
   8.72876035933353e-03
   8.79893789111815e-03
   8.81777964597648e-03
   8.78478201564124e-03
   8.70039308503956e-03
   8.56598643029700e-03
   8.38378512827879e-03
   8.15674355025123e-03
   7.88839818615929e-03
   7.58270071398960e-03
   7.24384668628475e-03
   6.87611179603253e-03
   6.48370518159350e-03
   6.07064619437561e-03
   5.64066799785859e-03
   5.19714867823848e-03
   4.74306845211019e-03
   4.28099013365212e-03
   3.81305923818034e-03
   3.34101984634283e-03
   2.86624249868372e-03
   2.38976079765992e-03
   1.91231394415875e-03
   1.43439303409313e-03
   9.56289520152654e-04
   4.78144760076327e-04
   9.04330789967734e-04
   1.80915859323633e-03
   2.71487316970053e-03
   3.62168801606699e-03
   4.52955106034489e-03
   5.43805433673634e-03
   6.34634312140938e-03
   7.25302573154411e-03
   8.15608610177383e-03
   9.05280233785337e-03
   9.93967566532533e-03
   1.08123754614665e-02
   1.16657072526057e-02
   1.24936114888022e-02
   1.32892013285537e-02
   1.40448472883497e-02
   1.47523151370491e-02
   1.54029605958151e-02
   1.59879801287964e-02
   1.64987114996124e-02
   1.69269712665716e-02
   1.72654097982148e-02
   1.75078588219650e-02
   1.76496432206831e-02
   1.76878288613806e-02
   1.76213822786497e-02
   1.74512258648476e-02
   1.71801827902473e-02
   1.68128174493949e-02
   1.63551878017667e-02
   1.58145338056584e-02
   1.51989301846222e-02
   1.45169318380238e-02
   1.37772369128854e-02
   1.29883869897381e-02
   1.21585172490515e-02
   1.12951629886770e-02
   1.04051232593634e-02
   9.49437811728698e-03
   8.56805318116559e-03
   7.63042371469606e-03
   6.68495008479930e-03
   5.73433687324335e-03
   4.78060885319581e-03
   3.82519823624409e-03
   2.86903886006375e-03
   1.91266419010820e-03
   9.56307067153315e-04
   1.35597252535464e-03
   2.71279992695344e-03
   4.07117705341163e-03
   5.43153552991061e-03
   6.79390984198368e-03
   8.15780122493298e-03
   9.52203984272785e-03
   1.08846468247254e-02
   1.22426991172174e-02
   1.35922017889429e-02
   1.49279743574517e-02
   1.62435597713164e-02
   1.75311667075934e-02
   1.87816575433176e-02
   1.99845953479321e-02
   2.11283630424934e-02
   2.22003659587032e-02
   2.31873249310114e-02
   2.40756604807474e-02
   2.48519596800682e-02
   2.55035065345498e-02
   2.60188454673864e-02
   2.63883376069815e-02
   2.66046632987920e-02
   2.66632236435632e-02
   2.65624001514899e-02
   2.63036446370178e-02
   2.58913894647100e-02
   2.53327880640882e-02
   2.46373136180689e-02
   2.38162568668182e-02
   2.28821702593183e-02
   2.18483050703882e-02
   2.07280818253032e-02
   1.95346244995106e-02
   1.82803777128557e-02
   1.69768153978214e-02
   1.56342404603855e-02
   1.42616683892085e-02
   1.28667836812954e-02
   1.14559560521640e-02
   1.00343032098854e-02
   8.60578797151069e-03
   7.17333920790314e-03
   5.73898813035279e-03
   4.30401349520827e-03
   2.86909121293026e-03
   1.43444549486201e-03
   1.80685499191722e-03
   3.61505325190551e-03
   5.42572647666881e-03
   7.23965807239358e-03
   9.05710493503912e-03
   1.08776150714637e-02
   1.26998412541071e-02
   1.45213523393451e-02
   1.63384457559229e-02
   1.81459669963073e-02
   1.99371446865752e-02
   2.17034528602735e-02
   2.34345151979600e-02
   2.51180688492809e-02
   2.67400074878923e-02
   2.82845237478083e-02
   2.97343693143312e-02
   3.10712458497767e-02
   3.22763309836229e-02
   3.33309306453749e-02
   3.42172327517796e-02
   3.49191194580421e-02
   3.54229787635709e-02
   3.57184449369775e-02
   3.57989946742363e-02
   3.56623345987257e-02
   3.53105357500243e-02
   3.47498992373122e-02
   3.39905689177430e-02
   3.30459354904372e-02
   3.19318964375494e-02
   3.06660449427016e-02
   2.92668583717445e-02
   2.77529455820238e-02
   2.61423959158617e-02
   2.44522549423395e-02
   2.26981357569494e-02
   2.08939617112613e-02
   1.90518275097599e-02
   1.71819605351253e-02
   1.52927624058414e-02
   1.33909112865576e-02
   1.14815075223227e-02
   9.56824803732255e-03
   7.65361808383767e-03
   5.73909197641107e-03
   3.82533717393805e-03
   1.91241836234560e-03
   2.25651756866281e-03
   4.51503933266449e-03
   6.77730839300557e-03
   9.04463782022314e-03
   1.13176889708936e-02
   1.35962426490646e-02
   1.58789626078833e-02
   1.81631526444015e-02
   2.04445108932366e-02
   2.27168879292597e-02
   2.49720589566349e-02
   2.71995246136074e-02
   2.93863595381934e-02
   3.15171323913837e-02
   3.35739248267471e-02
   3.55364789314651e-02
   3.73825016695594e-02
   3.90881494121449e-02
   4.06287044557497e-02
   4.19794378128198e-02
   4.31166289941811e-02
   4.40186862369249e-02
   4.46672839636802e-02
   4.50484142068642e-02
   4.51532417779646e-02
   4.49786639664156e-02
   4.45275054462793e-02
   4.38083234764738e-02
   4.28348483515958e-02
   4.16251284695118e-02
   4.02004792787548e-02
   3.85843463781990e-02
   3.68011860946450e-02
   3.48754468202161e-02
   3.28307077346420e-02
   3.06890042840936e-02
   2.84703462391065e-02
   2.61924165548477e-02
   2.38704280932328e-02
   2.15171098427930e-02
   1.91427933021138e-02
   1.67555717541804e-02
   1.43615089765349e-02
   1.19648785069287e-02
   9.56841921834107e-03
   7.17359721866098e-03
   4.78086775183044e-03
   2.38993375297445e-03
   2.70432647866470e-03
   5.41153080056810e-03
   8.12418332428769e-03
   1.08443480608429e-02
   1.35733192679515e-02
   1.63113466580967e-02
   1.90573474956621e-02
   2.18086058639988e-02
   2.45604621555624e-02
   2.73059995099691e-02
   3.00357385940684e-02
   3.27373577937074e-02
   3.53954624100751e-02
   3.79914333961746e-02
   4.05033927170159e-02
   4.29063272654178e-02
   4.51724145734419e-02
   4.72715890467773e-02
   4.91723747276523e-02
   5.08429878236418e-02
   5.22526791322359e-02
   5.33732454596570e-02
   5.41805962001747e-02
   5.46562259795636e-02
   5.47884280508417e-02
   5.45730955135613e-02
   5.40140015523199e-02
   5.31225192263489e-02
   5.19168203260969e-02
   5.04206621507588e-02
   4.86619151888208e-02
   4.66709970725330e-02
   4.44793619695266e-02
   4.21181593222799e-02
   3.96171329264822e-02
   3.70037903232455e-02
   3.43028393908383e-02
   3.15358662747699e-02
   2.87212160979592e-02
   2.58740334079728e-02
   2.30064206575285e-02
   2.01276778964369e-02
   1.72445934364859e-02
   1.43617622285919e-02
   1.14819152470140e-02
   8.60624887616814e-03
   5.73474797670374e-03
   2.86649996900363e-03
   3.14943449496094e-03
   6.30287049115130e-03
   9.46396023499640e-03
   1.26357816073388e-02
   1.58205360934845e-02
   1.90192297645153e-02
   2.22313336908696e-02
   2.54544223302741e-02
   2.86837914911696e-02
   3.19120617136243e-02
   3.51287785722583e-02
   3.83200286635014e-02
   4.14680988983513e-02
   4.45512168697223e-02
   4.75434206724372e-02
   5.04146160547565e-02
   5.31308846715704e-02
   5.56551060180885e-02
   5.79479432006066e-02
   5.99692150742562e-02
   6.16796322115784e-02
   6.30428133462781e-02
   6.40274301690680e-02
   6.46092665022030e-02
   6.47729428502791e-02
   6.45130679440299e-02
   6.38346437784382e-02
   6.27526604752807e-02
   6.12909446909123e-02
   5.94804351209401e-02
   5.73571235421674e-02
   5.49599104577056e-02
   5.23285893908685e-02
   4.95021120345145e-02
   4.65172177092966e-02
   4.34074497822475e-02
   4.02025366520839e-02
   3.69280873058823e-02
   3.36055390587556e-02
   3.02522939306434e-02
   2.68819860440271e-02
   2.35048319702320e-02
   2.01280266079452e-02
   1.67561573752622e-02
   1.33916184057246e-02
   1.00350137437532e-02
   6.68554423562914e-03
   3.34137707360388e-03
   3.59074354562750e-03
   7.18689520314877e-03
   1.07934785699420e-02
   1.44148868834252e-02
   1.80545473444406e-02
   2.17145614529366e-02
   2.53953151979695e-02
   2.90950549673412e-02
   3.28094281442154e-02
   3.65309919281696e-02
   4.02487004003569e-02
   4.39473886866903e-02
   4.76072845794131e-02
   5.12035921586436e-02
   5.47062081945210e-02
   5.80796487654566e-02
   6.12832774752422e-02
   6.42719329303175e-02
   6.69970449892084e-02
   6.94082990459513e-02
   7.14558488987536e-02
   7.30929903420681e-02
   7.42790981525148e-02
   7.49825207969213e-02
   7.51830545213129e-02
   7.48736187176148e-02
   7.40608494308279e-02
   7.27645055731623e-02
   7.10157933306791e-02
   6.88548919539031e-02
   6.63280590943157e-02
   6.34846940934108e-02
   6.03746649710087e-02
   5.70460965297026e-02
   5.35437075401532e-02
   4.99076965781458e-02
   4.61731173971983e-02
   4.23696544985036e-02
   3.85217014442191e-02
   3.46486507781484e-02
   3.07653184110877e-02
   2.68824420358886e-02
   2.30072094362737e-02
   1.91437868012584e-02
   1.52938287355135e-02
   1.14569605651541e-02
   7.63123009391540e-03
   3.81353059887923e-03
   4.02687166958817e-03
   8.06086775497998e-03
   1.21087016878097e-02
   1.61764171311906e-02
   2.02690260722716e-02
   2.43901146726452e-02
   2.85414073717562e-02
   3.27222813531178e-02
   3.69292262387853e-02
   4.11552483328879e-02
   4.53892255970269e-02
   4.96152296308081e-02
   5.38118450823059e-02
   5.79515357447064e-02
   6.20001301065014e-02
   6.59165260549645e-02
   6.96527413969784e-02
   7.31544573688283e-02
   7.63622061032950e-02
   7.92133265081530e-02
   8.16447418972236e-02
   8.35964880606644e-02
   8.50157481128634e-02
   8.58609610751586e-02
   8.61054236061010e-02
   8.57397723279890e-02
   8.47728712361509e-02
   8.32309237784925e-02
   8.11549900687551e-02
   7.85973848002355e-02
   7.56175684690754e-02
   7.22781125593629e-02
   6.86411718076520e-02
   6.47657072963337e-02
   6.07055317934768e-02
   5.65081241228692e-02
   5.22140882603465e-02
   4.78571063690830e-02
   4.34642388204629e-02
   3.90564447993057e-02
   3.46492241096511e-02
   3.02533077923382e-02
   2.58753487500062e-02
   2.15185824912508e-02
   1.71834423534889e-02
   1.28681237617749e-02
   8.56909905863430e-03
   4.28158901476755e-03
   4.45612617869753e-03
   8.92142106299487e-03
   1.34046272943204e-02
   1.79138001998941e-02
   2.24559300491022e-02
   2.70365229261035e-02
   3.16591266393703e-02
   3.63247888814770e-02
   4.10314367029626e-02
   4.57731699977619e-02
   5.05394681176692e-02
   5.53143192473945e-02
   6.00752983495052e-02
   6.47926429704856e-02
   6.94284082407845e-02
   7.39358230008262e-02
   7.82590154551641e-02
   8.23333217475156e-02
   8.60864201922902e-02
   8.94405254077205e-02
   9.23158020231619e-02
   9.46349908895909e-02
   9.63289748324269e-02
   9.73426816962239e-02
   9.76404262673039e-02
   9.72096750732991e-02
   9.60624081065072e-02
   9.42337563047155e-02
   9.17782360034701e-02
   8.87644063627746e-02
   8.52689658237581e-02
   8.13711860708887e-02
   7.71482858217912e-02
   7.26720174903091e-02
   6.80064738954177e-02
   6.32069554662918e-02
   5.83196638476919e-02
   5.33819793518951e-02
   4.84231090861790e-02
   4.34649376241043e-02
   3.85229586181435e-02
   3.36072064217175e-02
   2.87231389161571e-02
   2.38724463225044e-02
   1.90537770770598e-02
   1.42633825055543e-02
   9.49568861416961e-03
   4.74380713321765e-03
   4.87648527239915e-03
   9.76451880335920e-03
   1.46752218751644e-02
   1.96190384951970e-02
   2.46053556316308e-02
   2.96420726903798e-02
   3.47351020202165e-02
   3.98877817049603e-02
   4.51001821217749e-02
   5.03682895534515e-02
   5.56830548126623e-02
   6.10293042043927e-02
   6.63845267161180e-02
   7.17175782022465e-02
   7.69873839037171e-02
   8.21417775958669e-02
   8.71166889844957e-02
   9.18359746116771e-02
   9.62122646075717e-02
   1.00149235406395e-01
   1.03545666601518e-01
   1.06301438257438e-01
   1.08325229818180e-01
   1.09543116027892e-01
   1.09906665046696e-01
   1.09398811675956e-01
   1.08036014561484e-01
   1.05866097860914e-01
   1.02962376931065e-01
   9.94155592109730e-02
   9.53251474350812e-02
   9.07917400490591e-02
   8.59110334776780e-02
   8.07697651832000e-02
   7.54434412911620e-02
   6.99954907242706e-02
   6.44774358684603e-02
   5.89297076101777e-02
   5.33828096998475e-02
   4.78586210891837e-02
   4.23716982800318e-02
   3.69304967527019e-02
   3.15384712122694e-02
   2.61950413863531e-02
   2.08964268156637e-02
   1.56363636224781e-02
   1.04067211241845e-02
   5.19803822056014e-03
   5.28559067275164e-03
   1.05854379343561e-02
   1.59133873842869e-02
   2.12826506915157e-02
   2.67054412811807e-02
   3.21925506320292e-02
   3.77528421211796e-02
   4.33926369725247e-02
   4.91149646143216e-02
   5.49186484629443e-02
   6.07971992331748e-02
   6.67374936007504e-02
   7.27182298734009e-02
   7.87081792147583e-02
   8.46642973921908e-02
   9.05298353282107e-02
   9.62326929783300e-02
   1.01684400232619e-01
   1.06780266070687e-01
   1.11401371686338e-01
   1.15419114173364e-01
   1.18702813799837e-01
   1.21130350656555e-01
   1.22600848270464e-01
   1.23047254999386e-01
   1.22445816814057e-01
   1.20819629494371e-01
   1.18235084926660e-01
   1.14792396849477e-01
   1.10613018057264e-01
   1.05826955496231e-01
   1.00562132482795e-01
   9.49367805093228e-02
   8.90548949190854e-02
   8.30042415061483e-02
   7.68562075518515e-02
   7.06668217101559e-02
   6.44784016728684e-02
   5.83214461188645e-02
   5.22165266770693e-02
   4.61760419407899e-02
   4.02057689610241e-02
   3.43061941756755e-02
   2.84736327490452e-02
   2.27011592892102e-02
   1.69793788406089e-02
   1.12970683883805e-02
   5.64171814095148e-03
   5.68075402791277e-03
   1.13787788009552e-02
   1.71109693302218e-02
   2.28936684248557e-02
   2.87423388539749e-02
   3.46711695313287e-02
   4.06925881465483e-02
   4.68166479672603e-02
   5.30502509819115e-02
   5.93961637573832e-02
   6.58517776122281e-02
   7.24075633255520e-02
   7.90451767468188e-02
   8.57351920902781e-02
   9.24344846333033e-02
   9.90833681501891e-02
   1.05602731576060e-01
   1.11891628675770e-01
   1.17826053886902e-01
   1.23259949262528e-01
   1.28029721960997e-01
   1.31963495697360e-01
   1.34895667541233e-01
   1.36685828406748e-01
   1.37238834119918e-01
   1.36520689730135e-01
   1.34564682011948e-01
   1.31465245043938e-01
   1.27362074002459e-01
   1.22420052250358e-01
   1.16810329083703e-01
   1.10695761286451e-01
   1.04221660190320e-01
   9.75112729085446e-02
   9.06647743960632e-02
   8.37604909739573e-02
   7.68573105006000e-02
   6.99975461580868e-02
   6.32098002547190e-02
   5.65115837732114e-02
   4.99115866199443e-02
   4.34115772232830e-02
   3.70079551682307e-02
   3.06930011068551e-02
   2.44558745019609e-02
   1.82834086039907e-02
   1.21607475763944e-02
   6.07186526111905e-03
   6.05897978679643e-03
   1.21385085414923e-02
   1.82588156364608e-02
   2.44397019761115e-02
   3.07002726262294e-02
   3.70586004654411e-02
   4.35312898820270e-02
   5.01329022631212e-02
   5.68751955517713e-02
   6.37661185805170e-02
   7.08084878903226e-02
   7.79982621231122e-02
   8.53223207890625e-02
   9.27556579144873e-02
   1.00257930361159e-01
   1.07769377649661e-01
   1.15206287636082e-01
   1.22456461780528e-01
   1.29375572753648e-01
   1.35785905751173e-01
   1.41479626373776e-01
   1.46229104871327e-01
   1.49806334744727e-01
   1.52011303227099e-01
   1.52704889356832e-01
   1.51836724871918e-01
   1.49456422129773e-01
   1.45702343829025e-01
   1.40773739769969e-01
   1.34897846463944e-01
   1.28301514379464e-01
   1.21191787134042e-01
   1.13745575137619e-01
   1.06106385730402e-01
   9.83855800632324e-02
   9.06660139250693e-02
   8.30065712287270e-02
   7.54466975149872e-02
   6.80104798757693e-02
   6.07100991292360e-02
   5.35486376528227e-02
   4.65223033960903e-02
   3.96221599780941e-02
   3.28354566079145e-02
   2.61466434512465e-02
   1.95381456729333e-02
   1.29909566882590e-02
   6.48509999209118e-03
   6.41700688782864e-03
   1.28580428752734e-02
   1.93468949072861e-02
   2.59070884268172e-02
   3.25617062388196e-02
   3.93331406089347e-02
   4.62427462823391e-02
   5.33103523879402e-02
   6.05535777042512e-02
   6.79868757631775e-02
   7.56202132293075e-02
   8.34572571776771e-02
   9.14929165152557e-02
   9.97100561937791e-02
   1.08075194319590e-01
   1.16533030019152e-01
   1.24999784391729e-01
   1.33355648632782e-01
   1.41437232035241e-01
   1.49031894819482e-01
   1.55877236604965e-01
   1.61670455454569e-01
   1.66092770758937e-01
   1.68851667996353e-01
   1.69736188581826e-01
   1.68668363139578e-01
   1.65725360063693e-01
   1.61117334145188e-01
   1.55135990487684e-01
   1.48099291848264e-01
   1.40309211072372e-01
   1.32027305415070e-01
   1.23465354723169e-01
   1.14785870226786e-01
   1.06107759032887e-01
   9.75138735420775e-02
   8.90585608860622e-02
   8.07743197458400e-02
   7.26772705596490e-02
   6.47714569158132e-02
   5.70521304443775e-02
   4.95082093364293e-02
   4.21240921620832e-02
   3.48809821747022e-02
   2.77578470669429e-02
   2.07321115424986e-02
   1.37801573205905e-02
   6.87768759099512e-03
   6.75137085197643e-03
   1.35303698921600e-02
   2.03644806879824e-02
   2.72811333891284e-02
   3.43076354955177e-02
   4.14710447215254e-02
   4.87979533753377e-02
   5.63141422053465e-02
   6.40440449019820e-02
   7.20099405373311e-02
   8.02307578848543e-02
   8.87203303399789e-02
   9.74848813508052e-02
   1.06519449092666e-01
   1.15802884512041e-01
   1.25291004904737e-01
   1.34907516062760e-01
   1.44532550546962e-01
   1.53989321133493e-01
   1.63030774347310e-01
   1.71330584595284e-01
   1.78486354743878e-01
   1.84046285250685e-01
   1.87570069989355e-01
   1.88723479540261e-01
   1.87378794975862e-01
   1.83662892283198e-01
   1.77909154673012e-01
   1.70557035512881e-01
   1.62057471729143e-01
   1.52811984636605e-01
   1.43146007412765e-01
   1.33305681067967e-01
   1.23466856795757e-01
   1.13748438855854e-01
   1.04225727480076e-01
   9.49418768986010e-02
   8.59169694601942e-02
   7.71548583266015e-02
   6.86481657659487e-02
   6.03818549706625e-02
   5.23357414087716e-02
   4.44862351713257e-02
   3.68075346910486e-02
   2.92724335202359e-02
   2.18528568108899e-02
   1.45202110508284e-02
   7.24560706040670e-03
   7.05848667676117e-03
   1.41482170704596e-02
   2.13004047208351e-02
   2.85464527122417e-02
   3.59180193943948e-02
   4.34470425971584e-02
   5.11656974223124e-02
   5.91062508474066e-02
   6.73007581847093e-02
   7.57805189176813e-02
   8.45751682434877e-02
   9.37112197301450e-02
   1.03209786025452e-01
   1.13083079870302e-01
   1.23329130914081e-01
   1.33923951973131e-01
   1.44810194816585e-01
   1.55881279541790e-01
   1.66960368554023e-01
   1.77775000292048e-01
   1.87931723178520e-01
   1.96901875622241e-01
   2.04039743257662e-01
   2.08662645062481e-01
   2.10212647060683e-01
   2.08464196477830e-01
   2.03641964775106e-01
   1.96303000902081e-01
   1.87129093401217e-01
   1.76765052910362e-01
   1.65738622168741e-01
   1.54442314790753e-01
   1.43147631137647e-01
   1.32030420071842e-01
   1.21196240736376e-01
   1.10701383849755e-01
   1.00568737344416e-01
   9.07991253056400e-02
   8.13791361242527e-02
   7.22863997616388e-02
   6.34930804815446e-02
   5.49681495669676e-02
   4.66788358181581e-02
   3.85915269938796e-02
   3.06723069643000e-02
   2.28872525418700e-02
   1.52025729404780e-02
   7.58464755977833e-03
   7.33475130160441e-03
   1.47042594092402e-02
   2.21433769850798e-02
   2.96874132913077e-02
   3.73723523004329e-02
   4.52350531817556e-02
   5.33134182743675e-02
   6.16465034092345e-02
   7.02745288064477e-02
   7.92387219834803e-02
   8.85808811151504e-02
   9.83424784932215e-02
   1.08563014263795e-01
   1.19277158284291e-01
   1.30509952071719e-01
   1.42268947659251e-01
   1.54531612960701e-01
   1.67225681235641e-01
   1.80199630462176e-01
   1.93180956776682e-01
   2.05723302415279e-01
   2.17153583955862e-01
   2.26552086024978e-01
   2.32832039000740e-01
   2.35004170261196e-01
   2.32627250282465e-01
   2.26141592943588e-01
   2.16535551088809e-01
   2.04894966255907e-01
   1.92138613172153e-01
   1.78938617670447e-01
   1.65740358430567e-01
   1.52815333965300e-01
   1.40314029633754e-01
   1.28307638824284e-01
   1.16817577807184e-01
   1.05835130025395e-01
   9.53340339355622e-02
   8.52783367170822e-02
   7.56271841507438e-02
   6.63376697424435e-02
   5.73664710058774e-02
   4.86707349451159e-02
   4.02085024461693e-02
   3.19388518345219e-02
   2.38218731024334e-02
   1.58185413901803e-02
   7.89053164861703e-03
   7.57666244306679e-03
   1.51913624347020e-02
   2.28823636598948e-02
   3.06886623846326e-02
   3.86503666785541e-02
   4.68090880668808e-02
   5.52083448261288e-02
   6.38939698022172e-02
   7.29145043138922e-02
   8.23215396956039e-02
   9.21699328303238e-02
   1.02517760236575e-01
   1.13425766995402e-01
   1.24955877482007e-01
   1.37168005632301e-01
   1.50113836800203e-01
   1.63825305109945e-01
   1.78293977205537e-01
   1.93435372858705e-01
   2.09029817689144e-01
   2.24630919299101e-01
   2.39441078591453e-01
   2.52187001413052e-01
   2.61113278293546e-01
   2.64348751934479e-01
   2.60903015892770e-01
   2.51765531104832e-01
   2.38806504848639e-01
   2.23780387492951e-01
   2.07959500332552e-01
   1.92140451007715e-01
   1.76768616791040e-01
   1.62062627903377e-01
   1.48105885641120e-01
   1.34905703459706e-01
   1.22428979612883e-01
   1.10622805980210e-01
   9.94259824892532e-02
   8.87752260758954e-02
   7.86083500974996e-02
   6.88657419308670e-02
   5.94909007759639e-02
   5.04304684099974e-02
   4.16339962682721e-02
   3.30535838984676e-02
   2.46434619960503e-02
   1.63595579760528e-02
   8.15906199274939e-03
   7.78094846424086e-03
   1.56028492953726e-02
   2.35070066131973e-02
   3.15357233779932e-02
   3.97328390427967e-02
   4.81443131605482e-02
   5.68188711280179e-02
   6.58087279409861e-02
   7.51704035534932e-02
   8.49656367084609e-02
   9.52623880825013e-02
   1.06135888717847e-01
   1.17669617177157e-01
   1.29955941422273e-01
   1.43095865345753e-01
   1.57196729726835e-01
   1.72365550671415e-01
   1.88693407186252e-01
   2.06222007769645e-01
   2.24876031111355e-01
   2.44333538651971e-01
   2.63796903835869e-01
   2.81645673921093e-01
   2.95089432099277e-01
   3.00378637781106e-01
   2.94874591218303e-01
   2.81215021648849e-01
   2.63148494308519e-01
   2.43464440900735e-01
   2.23782314271212e-01
   2.04898721045696e-01
   1.87134554298505e-01
   1.70564058413574e-01
   1.55144410178261e-01
   1.40783371165008e-01
   1.27372713521702e-01
   1.14803823926239e-01
   1.02974355643068e-01
   9.17905168164355e-02
   8.11673116824293e-02
   7.10278846163643e-02
   6.13025267090108e-02
   5.19276084116933e-02
   4.28445542556717e-02
   3.39989029912604e-02
   2.53394614718842e-02
   1.68175444006120e-02
   8.38628510990253e-03
   7.94470192201357e-03
   1.59327767785313e-02
   2.40080605346082e-02
   3.22156240870865e-02
   4.06024535853005e-02
   4.92182098158464e-02
   5.81161005244392e-02
   6.73539065193758e-02
   7.69952116231723e-02
   8.71108979517804e-02
   9.77809807019259e-02
   1.09096867495440e-01
   1.21164127763834e-01
   1.34105825848179e-01
   1.48066354026436e-01
   1.63215369510855e-01
   1.79750582327362e-01
   1.97896016834025e-01
   2.17887229203141e-01
   2.39922838351796e-01
   2.64034430092757e-01
   2.89771488459548e-01
   3.15513539930075e-01
   3.37224320072114e-01
   3.47205940453894e-01
   3.37005820017286e-01
   3.15075549500185e-01
   2.89112021904352e-01
   2.63150495938027e-01
   2.38810423769975e-01
   2.16541278815837e-01
   1.96310405624490e-01
   1.77918082241492e-01
   1.61127609211651e-01
   1.45713771135114e-01
   1.31477610850210e-01
   1.18248158574027e-01
   1.05879633455121e-01
   9.42474945139508e-02
   8.32445937335070e-02
   7.27778268587069e-02
   6.27653452010818e-02
   5.31342741653671e-02
   4.38188522577590e-02
   3.47589045804116e-02
   2.58985754422970e-02
   1.71852571054234e-02
   8.56866269487349e-03
   8.06550787039435e-03
   1.61762016006377e-02
   2.43778176598547e-02
   3.27175134413299e-02
   4.12446613123258e-02
   5.00117499078377e-02
   5.90754421901048e-02
   6.84978538378677e-02
   7.83481363148970e-02
   8.87044794209781e-02
   9.96566926764199e-02
   1.11309590098833e-01
   1.23787498145477e-01
   1.37240343824926e-01
   1.51851970180175e-01
   1.67851562417816e-01
   1.85529262471828e-01
   2.05256822143473e-01
   2.27512113991450e-01
   2.52897792722390e-01
   2.82114036980331e-01
   3.15745297020133e-01
   3.53416911821822e-01
   3.91092602418447e-01
   4.14219201233938e-01
   3.90871381620351e-01
   3.52973465560268e-01
   3.15077610660464e-01
   2.81219075229188e-01
   2.51771483387015e-01
   2.26149325932153e-01
   2.03651337065289e-01
   1.83673740090956e-01
   1.65737498411731e-01
   1.49469646182618e-01
   1.34578768552242e-01
   1.20834338531716e-01
   1.08051091064427e-01
   9.60775838474901e-02
   8.47878667385999e-02
   7.40753760069333e-02
   6.38484056456235e-02
   5.40266980159050e-02
   4.45388331354222e-02
   3.53201908936706e-02
   2.63113253663027e-02
   1.74566345281852e-02
   8.70323856199808e-03
   8.14155723620168e-03
   1.63294165249979e-02
   2.46104865613323e-02
   3.30332160563756e-02
   4.16484611988644e-02
   5.05104793404395e-02
   5.96781092330974e-02
   6.92162173588331e-02
   7.91975193158154e-02
   8.97049302938179e-02
   1.00834668500696e-01
   1.12700445601636e-01
   1.25439256218607e-01
   1.39219573854539e-01
   1.54253265560177e-01
   1.70813429408788e-01
   1.89261985604939e-01
   2.10093902073429e-01
   2.34010706008916e-01
   2.62046345828894e-01
   2.95782845117705e-01
   3.37683003091874e-01
   3.91320477832932e-01
   4.59514246501107e-01
   5.27711132910819e-01
   4.59291257265585e-01
   3.90873486013473e-01
   3.37009976573058e-01
   2.94880722093961e-01
   2.60911018201918e-01
   2.32636996835943e-01
   2.08475536692457e-01
   1.87391555945743e-01
   1.68682350863722e-01
   1.51851725631033e-01
   1.36536471604560e-01
   1.22462131333998e-01
   1.09415395594402e-01
   9.72262522512581e-02
   8.57560557210287e-02
   7.48893124520637e-02
   6.45278694706537e-02
   5.45866978260345e-02
   4.49907578714933e-02
   3.56726110246703e-02
   2.65705524810295e-02
   1.76271086925419e-02
   8.78778783278690e-03
   8.17173590085016e-03
   1.63901363758063e-02
   2.47024918958414e-02
   3.31576738952878e-02
   4.18070275917813e-02
   5.07053977395106e-02
   5.99123515088187e-02
   6.94936837960284e-02
   7.95233228984915e-02
   9.00858050564428e-02
   1.01279565863276e-01
   1.13221424323154e-01
   1.26052846546179e-01
   1.39948937169940e-01
   1.55131749147574e-01
   1.71890701744118e-01
   1.90615267346225e-01
   2.11850118021402e-01
   2.36394573285914e-01
   2.65498221033788e-01
   3.01292229105945e-01
   3.47887662301913e-01
   4.14672037518040e-01
   5.27937060466082e-01
   7.77824096688450e-01
   5.27713263529020e-01
   4.14223427390810e-01
   3.47212201028972e-01
   3.00386846043176e-01
   2.64358796147614e-01
   2.35015914463129e-01
   2.10225932009029e-01
   1.88738123821112e-01
   1.69751989874324e-01
   1.52721625846399e-01
   1.37256266051966e-01
   1.23065126364519e-01
   1.09924705387601e-01
   9.76583525968451e-02
   8.61229424254456e-02
   7.51998639262960e-02
   6.47887347136892e-02
   5.48028902678125e-02
   4.51660605612518e-02
   3.58098568858131e-02
   2.66718191486996e-02
   1.76938528911757e-02
   8.82093515419200e-03
   8.15568163777557e-03
   1.63576171471268e-02
   2.46526669297602e-02
   3.30892311898622e-02
   4.17181173135113e-02
   5.05935335012267e-02
   5.97742689901438e-02
   6.93251404131513e-02
   7.93188132651924e-02
   8.98381525136861e-02
   1.00979326217242e-01
   1.12855996214756e-01
   1.25605107930548e-01
   1.39395086656049e-01
   1.54437752619845e-01
   1.71006158902952e-01
   1.89462183015385e-01
   2.10300752968315e-01
   2.34223359309319e-01
   2.62263917549566e-01
   2.96004422556536e-01
   3.37907649428782e-01
   3.91547237085955e-01
   4.59742148776018e-01
   5.27939199871039e-01
   4.59518507742000e-01
   3.91098941669372e-01
   3.37232667537886e-01
   2.95099692481077e-01
   2.61125331429988e-01
   2.32845740680696e-01
   2.08677828005037e-01
   1.87586544985281e-01
   1.68869225204562e-01
   1.52029713618648e-01
   1.36704845348066e-01
   1.22620209236709e-01
   1.09562544436520e-01
   9.73618888501701e-02
   8.58796482043529e-02
   7.50003811862641e-02
   6.46259876935816e-02
   5.46714920350201e-02
   4.50619080196189e-02
   3.57298505766788e-02
   2.66136683771005e-02
   1.76559412631121e-02
   8.80223070094107e-03
   8.09380367134126e-03
   1.62326969621339e-02
   2.44623198616323e-02
   3.28297328357761e-02
   4.13842107039038e-02
   5.01781438185263e-02
   5.92680960870166e-02
   6.87160834139745e-02
   7.85911569257597e-02
   8.89714057890552e-02
   9.99465389794745e-02
   1.11621270559806e-01
   1.24119828237693e-01
   1.37592042198499e-01
   1.52221661403049e-01
   1.68237780608095e-01
   1.85930455877480e-01
   2.05671358701496e-01
   2.27938287872099e-01
   2.53333831835896e-01
   2.82558111394832e-01
   3.16195528211350e-01
   3.53871382648652e-01
   3.91549367695119e-01
   4.14676298749905e-01
   3.91326843444438e-01
   3.53425329456558e-01
   3.15523931440307e-01
   2.81657935866824e-01
   2.52201005735340e-01
   2.26567680889734e-01
   2.04056754065180e-01
   1.84064515805165e-01
   1.66112004591381e-01
   1.49826336581649e-01
   1.34916184910792e-01
   1.21151115622916e-01
   1.08345960834121e-01
   9.63493786995298e-02
   8.50355220379444e-02
   7.42979318883843e-02
   6.40450082271585e-02
   5.41966001221207e-02
   4.46813946385379e-02
   3.54348787770379e-02
   2.63977136087285e-02
   1.75144038970095e-02
   8.73217638928835e-03
   7.98726301574251e-03
   1.60177549195070e-02
   2.41351672328192e-02
   3.23844256872607e-02
   4.08123702621021e-02
   4.94685143768273e-02
   5.84059171378198e-02
   6.76822095065409e-02
   7.73608244743416e-02
   8.75124927368706e-02
   9.82170780564907e-02
   1.09565837363170e-01
   1.21664191072005e-01
   1.34635057280426e-01
   1.48622686038303e-01
   1.63796597707986e-01
   1.80354372294562e-01
   1.98519912466529e-01
   2.18528662550515e-01
   2.40579140941345e-01
   2.64702845654777e-01
   2.90449186933063e-01
   3.16197632586656e-01
   3.37911875558829e-01
   3.47894001526058e-01
   3.37691420708885e-01
   3.15755732465708e-01
   2.89783855661018e-01
   2.63811091742175e-01
   2.39456951875529e-01
   2.17170983885514e-01
   1.96920621094688e-01
   1.78506243478131e-01
   1.61691265334933e-01
   1.46250595434414e-01
   1.31985409754173e-01
   1.18724879183663e-01
   1.06323369687568e-01
   9.46564919401547e-02
   8.36172532232547e-02
   7.31127071702260e-02
   6.30611646694077e-02
   5.33899116534738e-02
   4.40333475371646e-02
   3.49314583038396e-02
   2.60285488604940e-02
   1.72721716640609e-02
   8.61219962637182e-03
   7.83791542523897e-03
   1.57165917700644e-02
   2.36771411062554e-02
   3.17616732878526e-02
   4.00138331815105e-02
   4.84793839768352e-02
   5.72068527949211e-02
   6.62482545012345e-02
   7.56599073415972e-02
   8.55033472876998e-02
   9.58463319463268e-02
   1.06763890007991e-01
   1.18339299664276e-01
   1.30664731978941e-01
   1.43840999115907e-01
   1.57975257160843e-01
   1.73174346552353e-01
   1.89529181722037e-01
   2.07081319768904e-01
   2.25755303200316e-01
   2.45229074427547e-01
   2.64704906788971e-01
   2.82562267906751e-01
   2.96010683078827e-01
   3.01300576519055e-01
   2.95793236584397e-01
   2.82126404156025e-01
   2.64048679510706e-01
   2.44349552281267e-01
   2.24648555272509e-01
   2.05742395922929e-01
   1.87952087522517e-01
   1.71352012399371e-01
   1.55899501172467e-01
   1.41502483186188e-01
   1.28052910308742e-01
   1.15442358909483e-01
   1.03568680008290e-01
   9.23382857809997e-02
   8.16663891445361e-02
   7.14763463709170e-02
   6.16986624466424e-02
   5.22699227305572e-02
   4.31317669188010e-02
   3.42299486560622e-02
   2.55134891033665e-02
   1.69339165571618e-02
   8.44457726095756e-03
   7.64822217943178e-03
   1.53342436477270e-02
   2.30960889631616e-02
   3.09725137846580e-02
   3.90033834938056e-02
   4.72300644090504e-02
   5.56958268540542e-02
   6.44462530004946e-02
   7.35296310825828e-02
   8.29972975631126e-02
   9.29038536172040e-02
   1.03307120502580e-01
   1.14267590094658e-01
   1.25846937531157e-01
   1.38104833663744e-01
   1.51092729327425e-01
   1.64842335275324e-01
   1.79345008614387e-01
   1.94516076128729e-01
   2.10135689664523e-01
   2.25757304796210e-01
   2.40583194462057e-01
   2.53339962634280e-01
   2.62272125725567e-01
   2.65508481329783e-01
   2.62058607698061e-01
   2.52911980569982e-01
   2.39938851948198e-01
   2.24893746174803e-01
   2.09049086635036e-01
   1.93201609629419e-01
   1.77796845754430e-01
   1.63053601021575e-01
   1.49055472573212e-01
   1.35809987220413e-01
   1.23284271483701e-01
   1.11425657847709e-01
   1.00173196709184e-01
   8.94638630262501e-02
   7.92357336378287e-02
   6.94294630273185e-02
   5.99888195808819e-02
   5.08607151011478e-02
   4.19949709560364e-02
   3.33439559002927e-02
   2.48621687570496e-02
   1.65058038841779e-02
   8.23231729785210e-03
   7.42113654303375e-03
   1.48767456345107e-02
   2.24013944655767e-02
   3.00301048135077e-02
   3.77985703207228e-02
   4.57433563549908e-02
   5.39020676213756e-02
   6.23134584415526e-02
   7.10174439707679e-02
   8.00549438217859e-02
   8.94674465576585e-02
   9.92961147084921e-02
   1.09580140482494e-01
   1.20353889989245e-01
   1.31642107906752e-01
   1.43452059353157e-01
   1.55760938491544e-01
   1.68496221376218e-01
   1.81506148752474e-01
   1.94518002866794e-01
   2.07085238616531e-01
   2.18534614733148e-01
   2.27946290064257e-01
   2.34233403396891e-01
   2.36406626297265e-01
   2.34024710215533e-01
   2.27527987177843e-01
   2.17904865104774e-01
   2.06241276676697e-01
   1.93456122382489e-01
   1.80221686460138e-01
   1.66983536208299e-01
   1.54013386177113e-01
   1.41461962119219e-01
   1.29400718947356e-01
   1.17851352303339e-01
   1.06805439607525e-01
   9.62370247941293e-02
   8.61104691319757e-02
   7.63852385004441e-02
   6.70187502487164e-02
   5.79680075882828e-02
   4.91904835788125e-02
   4.06445444192214e-02
   3.22895922880623e-02
   2.40860392099605e-02
   1.59951804926237e-02
   7.97900961149062e-03
   7.15997525451091e-03
   1.43508650669418e-02
   2.16035521592325e-02
   2.89491061104837e-02
   3.64188479501952e-02
   4.40443734980071e-02
   5.18575106075259e-02
   5.98901736156717e-02
   6.81740600963495e-02
   7.67401074839112e-02
   8.56175859230222e-02
   9.48326427646959e-02
   1.04406025638181e-01
   1.14349586323960e-01
   1.24661000877709e-01
   1.35315939578025e-01
   1.46256726694758e-01
   1.57376474035488e-01
   1.68498059166120e-01
   1.79348763318455e-01
   1.89534909330062e-01
   1.98527645310539e-01
   2.05681105093298e-01
   2.10312497000313e-01
   2.11863819532184e-01
   2.10109496778674e-01
   2.05274221931788e-01
   1.97915110226374e-01
   1.88714059956694e-01
   1.78316033160072e-01
   1.67248963145032e-01
   1.55905590223363e-01
   1.44557674089481e-01
   1.33381351757707e-01
   1.22482495332107e-01
   1.11917729231700e-01
   1.01710291826257e-01
   9.18613705561272e-02
   8.23579265512722e-02
   7.31779687321142e-02
   6.42940438107148e-02
   5.56755067536206e-02
   4.72899695242050e-02
   3.91042012679126e-02
   3.10846646907833e-02
   2.31978125621896e-02
   1.54102272413783e-02
   7.68865886114183e-03
   6.86828471426566e-03
   1.37638250048836e-02
   2.07137296041128e-02
   2.77450502932658e-02
   3.48847111660665e-02
   4.21593802942825e-02
   4.95952533058111e-02
   5.72177069089188e-02
   6.50507636206725e-02
   7.31162850366427e-02
   8.14327776212587e-02
   9.00136497563870e-02
   9.88646999515559e-02
   1.07980544919355e-01
   1.17339621585818e-01
   1.26897345119391e-01
   1.36577035907075e-01
   1.46258462906710e-01
   1.55764502276860e-01
   1.64847796037491e-01
   1.73181751106748e-01
   1.80363744391612e-01
   1.85941795882293e-01
   1.89475467746076e-01
   1.90630450072257e-01
   1.89278996205902e-01
   1.85548007756128e-01
   1.79770946509403e-01
   1.72387396004934e-01
   1.63848472674258e-01
   1.54555923595738e-01
   1.44835450201733e-01
   1.34933499933684e-01
   1.25026263888539e-01
   1.15233014775440e-01
   1.05629444839076e-01
   9.62591190054158e-02
   8.71425443676780e-02
   7.82840086177705e-02
   6.96765745500584e-02
   6.13056486395938e-02
   5.31514897538077e-02
   4.51909494841680e-02
   3.73986644713979e-02
   2.97478623873233e-02
   2.22108981704005e-02
   1.47596040045175e-02
   7.36551296635835e-03
   6.54971077967860e-03
   1.31230364813090e-02
   1.97433469431240e-02
   2.64337459140581e-02
   3.32168879376491e-02
   4.01147288371811e-02
   4.71481775980129e-02
   5.43366077122096e-02
   6.16971725480440e-02
   6.92438512897829e-02
   7.69861289340076e-02
   8.49271859901683e-02
   9.30614431282746e-02
   1.01371279389335e-01
   1.09822734000778e-01
   1.18360039560085e-01
   1.26898968791522e-01
   1.35319288804313e-01
   1.43457215379882e-01
   1.51099752041352e-01
   1.57984184510232e-01
   1.63807445272126e-01
   1.68250541318253e-01
   1.71020802916768e-01
   1.71907176474594e-01
   1.70831659708151e-01
   1.67871450915624e-01
   1.63236797104854e-01
   1.57219556224184e-01
   1.50137901705816e-01
   1.42294071107159e-01
   1.33949935795943e-01
   1.25317633835449e-01
   1.16560073018807e-01
   1.07796589353593e-01
   9.91104904248859e-02
   9.05565989301780e-02
   8.21679039232274e-02
   7.39610259278367e-02
   6.59405138391004e-02
   5.81021260162475e-02
   5.04352857531428e-02
   4.29248928220473e-02
   3.55526462720535e-02
   2.82980034134596e-02
   2.11388722927107e-02
   1.40521121943659e-02
   7.01389908966843e-03
   6.20787950707156e-03
   1.24358546684413e-02
   1.87036977429404e-02
   2.50307466309780e-02
   3.14356349300739e-02
   3.79359534472205e-02
   4.45478123238616e-02
   5.12852656417522e-02
   5.81595508913667e-02
   6.51780840986108e-02
   7.23431383823349e-02
   7.96501210667019e-02
   8.70853561532796e-02
   9.46232826266350e-02
   1.02223008313706e-01
   1.09824236019115e-01
   1.17342736135859e-01
   1.24665819283184e-01
   1.31648701499234e-01
   1.38113253115419e-01
   1.43851273911915e-01
   1.48634824092126e-01
   1.52235648817593e-01
   1.54453553596068e-01
   1.55149306041627e-01
   1.54272499089205e-01
   1.51872779776074e-01
   1.48088618335987e-01
   1.43119442874744e-01
   1.37192735530403e-01
   1.30535655054061e-01
   1.23355610314689e-01
   1.15829927463520e-01
   1.08102573052700e-01
   1.00285403617209e-01
   9.24617991816300e-02
   8.46911896443425e-02
   7.70135816153735e-02
   6.94536322919015e-02
   6.20240963496709e-02
   5.47286293610916e-02
   4.75640083255544e-02
   4.05218592404052e-02
   3.35899854377916e-02
   2.67533822633414e-02
   1.99950112504274e-02
   1.32963942220676e-02
   6.63807656876019e-03
   5.84629415810528e-03
   1.17093697092799e-02
   1.76056274505524e-02
   2.35509084886812e-02
   2.95601630937904e-02
   3.56470540866464e-02
   4.18234673413907e-02
   4.80988972742048e-02
   5.44796696179720e-02
   6.09679579663714e-02
   6.75605457713206e-02
   7.42472840649012e-02
   8.10092012845108e-02
   8.78162419555729e-02
   9.46246558747404e-02
   1.01374142999268e-01
   1.07984998361495e-01
   1.14355710560196e-01
   1.20361746732870e-01
   1.25856568636513e-01
   1.30676158964786e-01
   1.34648280990218e-01
   1.37607042600041e-01
   1.39411822782111e-01
   1.39967347200701e-01
   1.39239575341852e-01
   1.37261834057628e-01
   1.34128682356833e-01
   1.29980022620942e-01
   1.24981023443862e-01
   1.19303191647094e-01
   1.13109806867014e-01
   1.06546660701752e-01
   9.97375294030146e-02
   9.27831570914499e-02
   8.57624704520371e-02
   7.87349803886846e-02
   7.17436378693033e-02
   6.48176905818483e-02
   5.79752963020866e-02
   5.12257880482806e-02
   4.45715697396340e-02
   3.80096660659538e-02
   3.15329707835662e-02
   2.51312439311190e-02
   1.87919072676507e-02
   1.25006827226411e-02
   6.24211320186905e-03
   5.46825165158694e-03
   1.09502384141257e-02
   1.64592782657777e-02
   2.20080458225522e-02
   2.76082038159536e-02
   3.32699757766615e-02
   3.90016370477342e-02
   4.48088988590889e-02
   5.06941579279259e-02
   5.66555827390853e-02
   6.26860087139312e-02
   6.87716201655708e-02
   7.48904107250408e-02
   8.10104407603217e-02
   8.70879566796281e-02
   9.30655102576331e-02
   9.88703223035241e-02
   1.04413274103059e-01
   1.09589067544088e-01
   1.14278229276679e-01
   1.18351665103989e-01
   1.21678277224069e-01
   1.24135609710375e-01
   1.25622539455766e-01
   1.26071863084032e-01
   1.25459773196325e-01
   1.23809411829909e-01
   1.21187315765866e-01
   1.17693939085665e-01
   1.13451065137614e-01
   1.08589114588193e-01
   1.03236499102634e-01
   9.75120034870435e-02
   9.15202309728023e-02
   8.53495991066438e-02
   7.90721801531372e-02
   7.27447107859065e-02
   6.64102303167864e-02
   6.00999642288713e-02
   5.38352089425681e-02
   4.76290799870304e-02
   4.14880590762150e-02
   3.54133220590480e-02
   2.94018566775740e-02
   2.34473930142490e-02
   1.75411754008145e-02
   1.16726058693653e-02
   5.82978823199415e-03
   5.07677966746096e-03
   1.01645588903120e-02
   1.52739025733085e-02
   2.04146865700024e-02
   2.55957126139176e-02
   3.08242731782507e-02
   3.61056482708001e-02
   4.14425156324873e-02
   4.68342560123269e-02
   5.22761369780837e-02
   5.77583633612839e-02
   6.32649917634273e-02
   6.87727230635204e-02
   7.42496136839442e-02
   7.96537868769931e-02
   8.49322821706866e-02
   9.00202543596674e-02
   9.48408169897481e-02
   9.93059022865521e-02
   1.03318547199706e-01
   1.06776963247847e-01
   1.09580545972659e-01
   1.11637584639522e-01
   1.12873867135497e-01
   1.13240784849052e-01
   1.12721210139695e-01
   1.11331655073987e-01
   1.09120111849480e-01
   1.06160174529901e-01
   1.02542933462068e-01
   9.83683698176104e-02
   9.37376455330069e-02
   8.87470937644138e-02
   8.34841492993506e-02
   7.80250632126711e-02
   7.24340441975849e-02
   6.67634170419344e-02
   6.10544264729813e-02
   5.53383916357468e-02
   4.96380000822558e-02
   4.39686034576746e-02
   3.83394340215978e-02
   3.27547017418888e-02
   2.72145586308821e-02
   2.17159336486684e-02
   1.62532509990664e-02
   1.08190494922139e-02
   5.40452268389088e-03
   4.67459398089741e-03
   9.35778682800566e-03
   1.40577418565797e-02
   1.87819204849373e-02
   2.35366978644918e-02
   2.83269379116749e-02
   3.31555144190347e-02
   3.80227657076447e-02
   4.29258721199704e-02
   4.78581492646176e-02
   5.28082563129508e-02
   5.77593291183583e-02
   6.26880640501450e-02
   6.75638018457848e-02
   7.23476927438041e-02
   7.69920646648908e-02
   8.14401625784207e-02
   8.56264720802032e-02
   8.94778694537643e-02
   9.29158319141172e-02
   9.58598670992685e-02
   9.82321540993269e-02
   9.99631224267044e-02
   1.00997366083746e-01
   1.01298993802228e-01
   1.00855399059377e-01
   9.96786236689783e-02
   9.78039936974923e-02
   9.52863490063587e-02
   9.21946926752181e-02
   8.86062767591646e-02
   8.46010233702899e-02
   8.02568840015238e-02
   7.56464107763677e-02
   7.08345474380564e-02
   6.58774811368315e-02
   6.08223214658151e-02
   5.57073646540534e-02
   5.05627301103619e-02
   4.54112014472364e-02
   4.02691505408155e-02
   3.51474637572941e-02
   3.00524215178664e-02
   2.49865058854405e-02
   1.99491270954543e-02
   1.49372705621217e-02
   9.94607243952569e-03
   4.96933560928420e-03
   4.26407440849953e-03
   8.53468976513264e-03
   1.28179644201040e-02
   1.71193290401504e-02
   2.14431564922382e-02
   2.57923603731090e-02
   3.01679529770095e-02
   3.45685551053447e-02
   3.89898528684081e-02
   4.34240010665129e-02
   4.78589795695908e-02
   5.22779191595477e-02
   5.66584273886593e-02
   6.09719637576636e-02
   6.51833369289658e-02
   6.92504235072651e-02
   7.31242347571487e-02
   7.67494780027953e-02
   8.00657631238459e-02
   8.30095779342276e-02
   8.55170850308360e-02
   8.75276679945801e-02
   8.89879824739895e-02
   8.98560783480315e-02
   9.01050117205662e-02
   8.97253336837896e-02
   8.87259800140137e-02
   8.71333812780267e-02
   8.49889739269378e-02
   8.23455882715116e-02
   7.92633264634932e-02
   7.58055117992747e-02
   7.20351432276365e-02
   6.80120996223273e-02
   6.37911660439370e-02
   5.94208295310088e-02
   5.49427207848925e-02
   5.03915515152622e-02
   4.57954009179450e-02
   4.11762251751672e-02
   3.65504907565149e-02
   3.19298591758974e-02
   2.73218743417898e-02
   2.27306224695256e-02
   1.81573487056643e-02
   1.36010247624229e-02
   9.05886880285456e-03
   4.52682336894788e-03
   3.84725699374791e-03
   7.69933419211910e-03
   1.15606531967626e-02
   1.54349834107003e-02
   1.93250962730388e-02
   2.32323964962579e-02
   2.71565244892150e-02
   3.10949261761796e-02
   3.50423895222939e-02
   3.89905516341053e-02
   4.29273867598278e-02
   4.68366943033508e-02
   5.06976174051970e-02
   5.44842367326238e-02
   5.81653002422761e-02
   6.17041661920769e-02
   6.50590504658872e-02
   6.81836753820897e-02
   7.10284088380873e-02
   7.35419522379315e-02
   7.56735768161761e-02
   7.73758194809873e-02
   7.86074398146712e-02
   7.93363315792497e-02
   7.95420095283505e-02
   7.92172927543958e-02
   7.83689010103086e-02
   7.70168584285651e-02
   7.51928102717542e-02
   7.29375363345656e-02
   7.02980398317188e-02
   6.73245910407689e-02
   6.40680324315873e-02
   6.05775437358149e-02
   5.68989559398513e-02
   5.30736147135396e-02
   4.91377349752053e-02
   4.51221579160274e-02
   4.10524135196772e-02
   3.69489977584574e-02
   3.28277874777459e-02
   2.87005325439450e-02
   2.45753810089127e-02
   2.04574071954155e-02
   1.63491241146378e-02
   1.22509704856670e-02
   8.16176915011717e-03
   4.07915829084240e-03
   3.42583969744183e-03
   6.85509971255140e-03
   1.02908341656185e-02
   1.37354963930232e-02
   1.71906246136886e-02
   2.06565116931968e-02
   2.41318558139071e-02
   2.76133909950433e-02
   3.10954994752237e-02
   3.45698122096217e-02
   3.80248093786508e-02
   4.14454400220978e-02
   4.48127887019977e-02
   4.81038271427683e-02
   5.12912992679219e-02
   5.43437973808579e-02
   5.72260929264626e-02
   5.98997838574699e-02
   6.23243079811141e-02
   6.44583438230691e-02
   6.62615753038842e-02
   6.76967355863005e-02
   6.87317766452125e-02
   6.93419493147353e-02
   6.95115436883912e-02
   6.92350506105209e-02
   6.85175702006431e-02
   6.73744035504388e-02
   6.58298915103743e-02
   6.39156746829546e-02
   6.16686139473158e-02
   5.91286217082354e-02
   5.63366191927962e-02
   5.33327733317714e-02
   5.01550979700810e-02
   4.68384432307970e-02
   4.34138516356929e-02
   3.99082317707530e-02
   3.63442876645168e-02
   3.27406406663654e-02
   2.91120863372351e-02
   2.54699382335096e-02
   2.18224209789794e-02
   1.81750851102602e-02
   1.45312250153342e-02
   1.08922885427100e-02
   7.25827253431244e-03
   3.62810278731891e-03
   3.00119881295931e-03
   6.00471447215386e-03
   9.01253613517974e-03
   1.20261148994125e-02
   1.50460855053104e-02
   1.80719778209994e-02
   2.11019168174533e-02
   2.41323117790036e-02
   2.71575382925149e-02
   3.01696202459605e-02
   3.31579237331884e-02
   3.61088804063750e-02
   3.90057642736800e-02
   4.18285527713686e-02
   4.45539093282354e-02
   4.71553292796132e-02
   4.96034920428721e-02
   5.18668576668197e-02
   5.39125328441720e-02
   5.57074084171262e-02
   5.72195370483913e-02
   5.84196785212123e-02
   5.92828971244346e-02
   5.97900603650458e-02
   5.99290722184165e-02
   5.96956868219409e-02
   5.90937930619723e-02
   5.81351303311972e-02
   5.68384752336746e-02
   5.52284088438685e-02
   5.33338186739285e-02
   5.11863022046566e-02
   4.88186228111657e-02
   4.62633337106198e-02
   4.35516425643513e-02
   4.07125481727734e-02
   3.77722473615143e-02
   3.47537871186007e-02
   3.16769240427377e-02
   2.85581483895257e-02
   2.54108310859030e-02
   2.22454567532488e-02
   1.90699121995925e-02
   1.58898067034106e-02
   1.27088068937518e-02
   9.52897469398891e-03
   6.35110146577441e-03
   3.17503515695373e-03
   2.57441350746558e-03
   5.15030651483089e-03
   7.72887353422369e-03
   1.03108412789283e-02
   1.28962290948368e-02
   1.54841034579181e-02
   1.80723265113975e-02
   2.06573004249651e-02
   2.32337117614003e-02
   2.57942830812374e-02
   2.83295427035012e-02
   3.08276277802629e-02
   3.32741404010178e-02
   3.56520808800682e-02
   3.79418859923902e-02
   4.01216017098565e-02
   4.21672186790262e-02
   4.40531928651012e-02
   4.57531622007649e-02
   4.72408520614918e-02
   4.84911384679871e-02
   4.94812103831009e-02
   5.01917456696720e-02
   5.06079952583198e-02
   5.07206633419154e-02
   5.05264828213248e-02
   5.00284156774219e-02
   4.92354530111657e-02
   4.81620400601553e-02
   4.68271965685061e-02
   4.52534333405958e-02
   4.34655772221020e-02
   4.14896100262803e-02
   3.93516069146953e-02
   3.70768329514210e-02
   3.46890290291916e-02
   3.22098944599766e-02
   2.96587555224019e-02
   2.70523976916717e-02
   2.44050334819161e-02
   2.17283765423624e-02
   1.90317944575958e-02
   1.63225163358863e-02
   1.36058757249466e-02
   1.08855739646355e-02
   8.16395332700367e-03
   5.44227296582811e-03
   2.72098370230201e-03
   2.14629621502146e-03
   4.29346644512137e-03
   6.44214511390278e-03
   8.59257374300063e-03
   1.07444014189187e-02
   1.28964823311593e-02
   1.50466710905103e-02
   1.71916180529344e-02
   1.93265688343280e-02
   2.14451746044949e-02
   2.35393225472808e-02
   2.55989989423332e-02
   2.76122004240440e-02
   2.95649117196618e-02
   3.14411700055867e-02
   3.32232362253691e-02
   3.48918914458690e-02
   3.64268707576418e-02
   3.78074377390431e-02
   3.90130890010132e-02
   4.00243615538731e-02
   4.08236975348707e-02
   4.13963041898809e-02
   4.17309356797122e-02
   4.18205209941129e-02
   4.16625714744161e-02
   4.12593222285381e-02
   4.06175911449501e-02
   3.97483718434163e-02
   3.86662063245880e-02
   3.73884038661231e-02
   3.59341819350934e-02
   3.43238026048339e-02
   3.25777666487362e-02
   3.07161108470619e-02
   2.87578358508015e-02
   2.67204751831450e-02
   2.46198024703063e-02
   2.24696645219198e-02
   2.02819223268381e-02
   1.80664797794298e-02
   1.58313801716534e-02
   1.35829523367323e-02
   1.13259910859295e-02
   9.06395968197845e-03
   6.79920515181305e-03
   4.53318001353697e-03
   2.26666634529177e-03
   1.71742700492244e-03
   3.43531762604326e-03
   5.15394287628592e-03
   6.87325830964327e-03
   8.59274491315472e-03
   1.03112489780409e-02
   1.20268219748252e-02
   1.37365626577598e-02
   1.54364651404544e-02
   1.71212784932339e-02
   1.87843854481769e-02
   2.04177099334291e-02
   2.20116651855663e-02
   2.35551558002008e-02
   2.50356478658886e-02
   2.64393207880804e-02
   2.77513120181417e-02
   2.89560611911592e-02
   3.00377528887524e-02
   3.09808475123221e-02
   3.17706782757092e-02
   3.23940804701256e-02
   3.28400088993382e-02
   3.31000930413917e-02
   3.31690791811255e-02
   3.30451157258395e-02
   3.27298519564108e-02
   3.22283396770418e-02
   3.15487483376891e-02
   3.07019234152303e-02
   2.97008318816434e-02
   2.85599455590095e-02
   2.72946128537457e-02
   2.59204630266305e-02
   2.44528769073937e-02
   2.29065461148489e-02
   2.12951313765904e-02
   1.96310208220335e-02
   1.79251818464362e-02
   1.61870954439898e-02
   1.44247595278725e-02
   1.26447472271830e-02
   1.08523069433111e-02
   9.05149256299707e-03
   7.24531424865287e-03
   5.43590234762993e-03
   3.62467896775126e-03
   1.81253352416631e-03
   1.28819046366335e-03
   2.57659101040918e-03
   3.86526694334755e-03
   5.15404671564157e-03
   6.44240310816325e-03
   7.72933440974801e-03
   9.01324662474507e-03
   1.02918386169607e-02
   1.15619931964719e-02
   1.28196784352127e-02
   1.40598648960807e-02
   1.52764658717330e-02
   1.64623089908366e-02
   1.76091484367140e-02
   1.87077272526711e-02
   1.97478984573673e-02
   2.07188116434165e-02
   2.16091681367663e-02
   2.24075425731013e-02
   2.31027620908300e-02
   2.36843267969345e-02
   2.41428476714274e-02
   2.44704718997939e-02
   2.46612621458728e-02
   2.47114966904582e-02
   2.46198622875565e-02
   2.43875207882442e-02
   2.40180428518919e-02
   2.35172154539078e-02
   2.28927421698320e-02
   2.21538644153348e-02
   2.13109367509213e-02
   2.03749897764506e-02
   1.93573106680319e-02
   1.82690652387791e-02
   1.71209779205140e-02
   1.59230785271918e-02
   1.46845180117560e-02
   1.34134502149060e-02
   1.21169730167564e-02
   1.08011202598761e-02
   9.47089506764288e-03
   8.13033541515849e-03
   6.78260369709891e-03
   5.43009329231159e-03
   4.07454652136037e-03
   2.71717976461601e-03
   1.35881274367731e-03
   8.58814022699207e-04
   1.71770251655419e-03
   2.57664335985416e-03
   3.43545655472246e-03
   4.29372532711382e-03
   5.15071759216604e-03
   6.00530858573532e-03
   6.85590604200726e-03
   7.70038000619247e-03
   8.53600018416783e-03
   9.35938460001847e-03
   1.01664641820574e-02
   1.09524686184935e-02
   1.17119392702578e-02
   1.24387749247890e-02
   1.31263155299819e-02
   1.37674675851360e-02
   1.43548724659238e-02
   1.48811156150544e-02
   1.53389703988931e-02
   1.57216658808934e-02
   1.60231633762892e-02
   1.62384231693798e-02
   1.63636409722868e-02
   1.63964342176534e-02
   1.63359614054531e-02
   1.61829632796835e-02
   1.59397218917273e-02
   1.56099415133556e-02
   1.51985626439263e-02
   1.47115259130888e-02
   1.41555058097377e-02
   1.35376346838655e-02
   1.28652356684303e-02
   1.21455796887279e-02
   1.13856773444047e-02
   1.05921119043867e-02
   9.77091552852423e-03
   8.92748748955128e-03
   8.06655077423826e-03
   7.19214198486423e-03
   6.30762882111831e-03
   5.41574942053919e-03
   4.51866828068667e-03
   3.61804420114663e-03
   2.71510652108172e-03
   1.81073677641711e-03
   9.05553681271774e-04
   4.29407011349604e-04
   8.58831568543559e-04
   1.28824292099291e-03
   1.71753141631286e-03
   2.14646915918276e-03
   2.57467096137045e-03
   3.00155601775141e-03
   3.42631102895448e-03
   3.84785583843832e-03
   4.26481304557372e-03
   4.67548347136702e-03
   5.07782975083500e-03
   5.46947065085949e-03
   5.84768889365429e-03
   6.20945522003498e-03
   6.55147106532140e-03
   6.87023146579633e-03
   7.16210861774791e-03
   7.42345488226214e-03
   7.65072205472804e-03
   7.84059158147803e-03
   7.99010838343552e-03
   8.09680937938634e-03
   8.15883703813671e-03
   8.17502860511180e-03
   8.14497316387933e-03
   8.06903130881430e-03
   7.94831559750853e-03
   7.78463362434305e-03
   7.58039894931600e-03
   7.33851773252663e-03
   7.06226044051300e-03
   6.75512830809314e-03
   6.42072347745864e-03
   6.06263017075279e-03
   5.68431223182418e-03
   5.28903023854962e-03
   4.87977941533738e-03
   4.45924794906175e-03
   4.02979411822206e-03
   3.59343989237153e-03
   3.15187829907710e-03
   2.70649181030090e-03
   2.25837918039647e-03
   1.80838848940819e-03
   1.35715453613342e-03
   9.05139129385802e-04
   4.52673202664394e-04
