   1.00538637944240e-04
   2.01111149497293e-04
   3.01711948624829e-04
   4.02397736032133e-04
   5.03107389580620e-04
   6.03903168191093e-04
   7.04652832214323e-04
   8.05406308625384e-04
   9.05945227288031e-04
   1.00628889782822e-03
   1.10611869951273e-03
   1.20540519657580e-03
   1.30371697968337e-03
   1.40095888311612e-03
   1.49657690421810e-03
   1.59039580446004e-03
   1.68173358358626e-03
   1.77032525615443e-03
   1.85536197425632e-03
   1.93648646482636e-03
   2.01277321427484e-03
   2.08377990740200e-03
   2.14848603892276e-03
   2.20638368108694e-03
   2.25639240659408e-03
   2.29797180412009e-03
   2.33003064598782e-03
   2.35204277286438e-03
   2.36296802998302e-03
   2.36235251114486e-03
   2.34927800200699e-03
   2.32342722992851e-03
   2.28407754402758e-03
   2.23111192886152e-03
   2.16407160521978e-03
   2.08309429383028e-03
   1.98803949233903e-03
   1.87933690187622e-03
   1.75719737349153e-03
   1.62235647805290e-03
   1.47538342811744e-03
   1.31730728128020e-03
   1.14903533265073e-03
   9.71852121910391e-04
   7.86957646817123e-04
   5.95831960096988e-04
   3.99901958912709e-04
   2.00766798956975e-04
   2.01078777721371e-04
   4.02194011420105e-04
   6.03444456190066e-04
   8.04771605923084e-04
   1.00630264517692e-03
   1.20785245096943e-03
   1.40954143827375e-03
   1.61102717499918e-03
   1.81238696084079e-03
   2.01309166451212e-03
   2.21313869962507e-03
   2.41178510710710e-03
   2.60891270814938e-03
   2.80354164856300e-03
   2.99540597160483e-03
   3.18327273003581e-03
   3.36670306320558e-03
   3.54420546677514e-03
   3.71515468163705e-03
   3.87781067077429e-03
   4.03136520164949e-03
   4.17386037641042e-03
   4.30433065541966e-03
   4.42065627883094e-03
   4.52176657102184e-03
   4.60546416389847e-03
   4.67065370669029e-03
   4.71517241548669e-03
   4.73800684080885e-03
   4.73716401258942e-03
   4.71183786683422e-03
   4.66035337367946e-03
   4.58224390007561e-03
   4.47629856619872e-03
   4.34251258690213e-03
   4.18026607776233e-03
   3.99011155510383e-03
   3.77211074167432e-03
   3.52742695638266e-03
   3.25684511060264e-03
   2.96214141076590e-03
   2.64481036435262e-03
   2.30718953123656e-03
   1.95141550817371e-03
   1.58028683686271e-03
   1.19646823465812e-03
   8.03079824985375e-04
   4.03165236915189e-04
   3.01582461521141e-04
   6.03282584882418e-04
   9.05100258792246e-04
   1.20722112453258e-03
   1.50947913423454e-03
   1.81207612956488e-03
   2.11463329491207e-03
   2.41731483684474e-03
   2.71948377656384e-03
   3.02121135442342e-03
   3.32155932736833e-03
   3.62045069020201e-03
   3.91660709724405e-03
   4.20975094447761e-03
   4.49823260360242e-03
   4.78152891511523e-03
   5.05760047242512e-03
   5.32564716451914e-03
   5.58324061474245e-03
   5.82929356166308e-03
   6.06101654513840e-03
   6.27705455145573e-03
   6.47431992751453e-03
   6.65124673210255e-03
   6.80455343476388e-03
   6.93256271043126e-03
   7.03194760138817e-03
   7.10106205399382e-03
   7.13672290517628e-03
   7.13749444464240e-03
   7.10055607906101e-03
   7.02488298908113e-03
   6.90824611639667e-03
   6.75023112897243e-03
   6.54941409842769e-03
   6.30616305360935e-03
   6.02002990863966e-03
   5.69228318473855e-03
   5.32355459976216e-03
   4.91605790387271e-03
   4.47152673999091e-03
   3.99308230108985e-03
   3.48349691976917e-03
   2.94668148221644e-03
   2.38630595780188e-03
   1.80688539921102e-03
   1.21278386945548e-03
   6.08885072963327e-04
   4.02074030588101e-04
   8.04253607796179e-04
   1.20676778305302e-03
   1.60953349918046e-03
   2.01283576206372e-03
   2.41633963814347e-03
   2.82031561081210e-03
   3.22411510090386e-03
   3.62792079594003e-03
   4.03071064924941e-03
   4.43250469153035e-03
   4.83185122908858e-03
   5.22853395887532e-03
   5.62062242850099e-03
   6.00759629227496e-03
   6.38700985439757e-03
   6.75798409574503e-03
   7.11754210413384e-03
   7.46441407820593e-03
   7.79510641599718e-03
   8.10796019547168e-03
   8.39902135675955e-03
   8.66628902889405e-03
   8.90545728730084e-03
   9.11428596987801e-03
   9.28828564167453e-03
   9.42514009862352e-03
   9.52040529392413e-03
   9.57190961791234e-03
   9.57553478174291e-03
   9.52951753691338e-03
   9.43037638718738e-03
   9.27703735300366e-03
   9.06696573486661e-03
   8.80003971067836e-03
   8.47494212960772e-03
   8.09270988527148e-03
   7.65343748887804e-03
   7.15943746406268e-03
   6.61230516513513e-03
   6.01563527242622e-03
   5.37249518024669e-03
   4.68765377681660e-03
   3.96550754312099e-03
   3.21178881001030e-03
   2.43198353492859e-03
   1.63249626743282e-03
   8.19591185482636e-04
   5.02460053035086e-04
   1.00516957045377e-03
   1.50818376644318e-03
   2.01186382646739e-03
   2.51599077669642e-03
   3.02095143298724e-03
   3.52617440928898e-03
   4.03198199355077e-03
   4.53737365704302e-03
   5.04251346998336e-03
   5.54589756041509e-03
   6.04743675153477e-03
   6.54505508066768e-03
   7.03831823183473e-03
   7.52452028259887e-03
   8.00280034522555e-03
   8.46978395202358e-03
   8.92412316528919e-03
   9.36176717795025e-03
   9.78085497125996e-03
   1.01766964639916e-02
   1.05469414438998e-02
   1.08863575440013e-02
   1.11921944145060e-02
   1.14588475157728e-02
   1.16833320805091e-02
   1.18599218575072e-02
   1.19856432165613e-02
   1.20549754908061e-02
   1.20652717967977e-02
   1.20116028996622e-02
   1.18920086306016e-02
   1.17025611735640e-02
   1.14423504840328e-02
   1.11088368798114e-02
   1.07024768454038e-02
   1.02224300139605e-02
   9.67073896669011e-03
   9.04845260247537e-03
   8.35928477149784e-03
   7.60621400433215e-03
   6.79455966046372e-03
   5.92911546412954e-03
   5.01659628543421e-03
   4.06335820418973e-03
   3.07718237189860e-03
   2.06562647986455e-03
   1.03712374159500e-03
   6.02770601621124e-04
   1.20578085454063e-03
   1.80945300909757e-03
   2.41374726354951e-03
   3.01916784273854e-03
   3.62530090782008e-03
   4.23262698039626e-03
   4.84026480696721e-03
   5.44856007632022e-03
   6.05607201322592e-03
   6.66289609552610e-03
   7.26694313596776e-03
   7.86794236166903e-03
   8.46307513557136e-03
   9.05159450371151e-03
   9.62988729188216e-03
   1.01966371816970e-02
   1.07473994270491e-02
   1.12802267142201e-02
   1.17898498271008e-02
   1.22736788691770e-02
   1.27256904108468e-02
   1.31427108418168e-02
   1.35181153109492e-02
   1.38482946684035e-02
   1.41262733070819e-02
   1.43482560030827e-02
   1.45072702240077e-02
   1.45996841072337e-02
   1.46189740149798e-02
   1.45621003760679e-02
   1.44234940619928e-02
   1.42011740524914e-02
   1.38910381478893e-02
   1.34926071391725e-02
   1.30036983582355e-02
   1.24256868670353e-02
   1.17586357614465e-02
   1.10059764221744e-02
   1.01701673140487e-02
   9.25671144975921e-03
   8.27041399314650e-03
   7.21867321215800e-03
   6.10840393029657e-03
   4.94855555616584e-03
   3.74776126861153e-03
   2.51605150730533e-03
   1.26327730103282e-03
   7.02841498908775e-04
   1.40614381256846e-03
   2.11010015185696e-03
   2.81532475658734e-03
   3.52163242288817e-03
   4.22967112987174e-03
   4.93876779750874e-03
   5.64947743256431e-03
   6.36052982804472e-03
   7.07225317249772e-03
   7.78267167249563e-03
   8.49174791153163e-03
   9.19669609446934e-03
   9.89697496254885e-03
   1.05888953047936e-02
   1.12712841393994e-02
   1.19394780558331e-02
   1.25915697718453e-02
   1.32218904247802e-02
   1.38277414718440e-02
   1.44024787747690e-02
   1.49426258972400e-02
   1.54406801014698e-02
   1.58924969753290e-02
   1.62899425398100e-02
   1.66284332558790e-02
   1.68995586237339e-02
   1.70986545386364e-02
   1.72175166991414e-02
   1.72518790669323e-02
   1.71943305276368e-02
   1.70415648363171e-02
   1.67876028265197e-02
   1.64306777053117e-02
   1.59668551707538e-02
   1.53964208127094e-02
   1.47179833344987e-02
   1.39342410041067e-02
   1.30466500107269e-02
   1.20604642448332e-02
   1.09800504875095e-02
   9.81311760198464e-03
   8.56675946105939e-03
   7.25081179023960e-03
   5.87469882156554e-03
   4.44987511792419e-03
   2.98754097971242e-03
   1.50014158805614e-03
   8.02691166162561e-04
   1.60585274496749e-03
   2.41019386126307e-03
   3.21581918805473e-03
   4.02354433924864e-03
   4.83298339126998e-03
   5.64491827569988e-03
   6.45834729773655e-03
   7.27386894021097e-03
   8.08973917622461e-03
   8.90621408411298e-03
   9.72068074319381e-03
   1.05328882606097e-02
   1.13392333153611e-02
   1.21387959006647e-02
   1.29268759050887e-02
   1.37017382924380e-02
   1.44575111797189e-02
   1.51915353868476e-02
   1.58967468607261e-02
   1.65695173892994e-02
   1.72016543018745e-02
   1.77886122345066e-02
   1.83212499490871e-02
   1.87942866616641e-02
   1.91979585528903e-02
   1.95265865187096e-02
   1.97702726076625e-02
   1.99234386098341e-02
   1.99766950259713e-02
   1.99252020712638e-02
   1.97608319291193e-02
   1.94801973710710e-02
   1.90772146760842e-02
   1.85506434338502e-02
   1.78971463873494e-02
   1.71181906358932e-02
   1.62136949097545e-02
   1.51881590440120e-02
   1.40449891670478e-02
   1.27917471350705e-02
   1.14352464662232e-02
   9.98584126338092e-03
   8.45338494803693e-03
   6.85050323570231e-03
   5.18949940180729e-03
   3.48457485809883e-03
   1.74974807147932e-03
   9.02070420773984e-04
   1.80492298021290e-03
   2.70900336017311e-03
   3.61528662193453e-03
   4.52374235478169e-03
   5.43538706946527e-03
   6.34957461628425e-03
   7.26720022477370e-03
   8.18685945883798e-03
   9.10915063092474e-03
   1.00317647445379e-02
   1.09548158363683e-02
   1.18749428894147e-02
   1.27915820338231e-02
   1.37001790774155e-02
   1.45993037475601e-02
   1.54830880291115e-02
   1.63490709693577e-02
   1.71899930821653e-02
   1.80022506760316e-02
   1.87771896198278e-02
   1.95100403808234e-02
   2.01908645855951e-02
   2.08138352516259e-02
   2.13679956048691e-02
   2.18467422629737e-02
   2.22385562905516e-02
   2.25365391901126e-02
   2.27292701065612e-02
   2.28102348871119e-02
   2.27689508023278e-02
   2.26001187437083e-02
   2.22951400525608e-02
   2.18508145261837e-02
   2.12613575012134e-02
   2.05264668779114e-02
   1.96439379119702e-02
   1.86169354434922e-02
   1.74473020885188e-02
   1.61418978090102e-02
   1.47067024195017e-02
   1.31521184532715e-02
   1.14879741782041e-02
   9.72771884377085e-03
   7.88442977139948e-03
   5.97385449930470e-03
   4.01151097939627e-03
   2.01454736499914e-03
   1.00096879172091e-03
   2.00276539493702e-03
   3.00650881066255e-03
   4.01258158472862e-03
   5.02223308537428e-03
   6.03524791552515e-03
   7.05283319624325e-03
   8.07401952623600e-03
   9.09978353452480e-03
   1.01282391440985e-02
   1.11599270976105e-02
   1.21918749683267e-02
   1.32239673300417e-02
   1.42519728531011e-02
   1.52748927069502e-02
   1.62870719786249e-02
   1.72864101229445e-02
   1.82656915864350e-02
   1.92215308568980e-02
   2.01450731414073e-02
   2.10315377107956e-02
   2.18704530159963e-02
   2.26556549915087e-02
   2.33752308669525e-02
   2.40218227005086e-02
   2.45824586035836e-02
   2.50490043343557e-02
   2.54080577556751e-02
   2.56513812268970e-02
   2.57660236135873e-02
   2.57445531634626e-02
   2.55755521908251e-02
   2.52534566085758e-02
   2.47695458748765e-02
   2.41211873615437e-02
   2.33034257111128e-02
   2.23174354648325e-02
   2.11628068637252e-02
   1.98450334898107e-02
   1.83685975609725e-02
   1.67433579964578e-02
   1.49785507491569e-02
   1.30879860932780e-02
   1.10850864774429e-02
   8.98683756176069e-03
   6.80997784461574e-03
   4.57366968393228e-03
   2.29693040912098e-03
   1.09903935117265e-03
   2.19932024363309e-03
   3.30168490281144e-03
   4.40760552167143e-03
   5.51736048646168e-03
   6.63247305660174e-03
   7.75249072692761e-03
   8.87879126071317e-03
   1.00100160089267e-02
   1.11471793558326e-02
   1.22878295334788e-02
   1.34323770661935e-02
   1.45770786093244e-02
   1.57214814353169e-02
   1.68603469186594e-02
   1.79920919859271e-02
   1.91097888976066e-02
   2.02104712917030e-02
   2.12853656175845e-02
   2.23299191071274e-02
   2.33334350659508e-02
   2.42896725165435e-02
   2.51860714974911e-02
   2.60147682150674e-02
   2.67616057266291e-02
   2.74174022816983e-02
   2.79669446876122e-02
   2.84003385341788e-02
   2.87021734317642e-02
   2.88627698520266e-02
   2.88676860471102e-02
   2.87086577023298e-02
   2.83735883160407e-02
   2.78569599705970e-02
   2.71504203589720e-02
   2.62524359616086e-02
   2.51595713725217e-02
   2.38751708338107e-02
   2.24014274460261e-02
   2.07469185840737e-02
   1.89195812562002e-02
   1.69329815645730e-02
   1.48003329683081e-02
   1.25394310980202e-02
   1.01678561535847e-02
   7.70653709324214e-03
   5.17625950259613e-03
   2.59983555779295e-03
   1.19622635979163e-03
   2.39379132561126e-03
   3.59437314624925e-03
   4.79879511268397e-03
   6.00889102756509e-03
   7.22479309749254e-03
   8.44828994577240e-03
   9.67863878076239e-03
   1.09173585402610e-02
   1.21626327368265e-02
   1.34154574423416e-02
   1.46727251536440e-02
   1.59346262569133e-02
   1.71965273601827e-02
   1.84575062191426e-02
   1.97111601488176e-02
   2.09551387345069e-02
   2.21810390651859e-02
   2.33847883590518e-02
   2.45558026035672e-02
   2.56880626058258e-02
   2.67687304867357e-02
   2.77897570193948e-02
   2.87361647691968e-02
   2.95980201585376e-02
   3.03586001089681e-02
   3.10065559423168e-02
   3.15241782616636e-02
   3.18995676282968e-02
   3.21151963156449e-02
   3.21598800125170e-02
   3.20178042553432e-02
   3.16800644355947e-02
   3.11342853324990e-02
   3.03754738057036e-02
   2.93963264038279e-02
   2.81971371200572e-02
   2.67768776529697e-02
   2.51419349166026e-02
   2.32980680730961e-02
   2.12578139616976e-02
   1.90334612846267e-02
   1.66430340151343e-02
   1.41044487927454e-02
   1.14400389813464e-02
   8.67205487217198e-03
   5.82571163107142e-03
   2.92615231945467e-03
   1.29207476238262e-03
   2.58601240521640e-03
   3.88322124389032e-03
   5.18583190633637e-03
   6.49461541362217e-03
   7.81176890580390e-03
   9.13723717790707e-03
   1.04730584667860e-02
   1.18181466345286e-02
   1.31741230463431e-02
   1.45386423454172e-02
   1.59126128711732e-02
   1.72921739045023e-02
   1.86771857643762e-02
   2.00619904489109e-02
   2.14450342357932e-02
   2.28185668264174e-02
   2.41792446891218e-02
   2.55169461498697e-02
   2.68261934067013e-02
   2.80942822670495e-02
   2.93133547367488e-02
   3.04680613241556e-02
   3.15481132423497e-02
   3.25357100293564e-02
   3.34183977358601e-02
   3.41765007110234e-02
   3.47961045992831e-02
   3.52567225041146e-02
   3.55442032203331e-02
   3.56388334319699e-02
   3.55279394839214e-02
   3.51945798384961e-02
   3.46295693409686e-02
   3.38208631275154e-02
   3.27647055320537e-02
   3.14557730509097e-02
   2.98971619616689e-02
   2.80913664943187e-02
   2.60488823759630e-02
   2.37801452328675e-02
   2.13026225149339e-02
   1.86338930148569e-02
   1.57971844438803e-02
   1.28157961068834e-02
   9.71708042160709e-03
   6.52837983006289e-03
   3.27944708204022e-03
   1.38646914494532e-03
   2.77496228898141e-03
   4.16788740587905e-03
   5.56669585514902e-03
   6.97398075972515e-03
   8.39042993419383e-03
   9.81860047044822e-03
   1.12582112739460e-02
   1.27115283502600e-02
   1.41770704686001e-02
   1.56565136489242e-02
   1.71469100811295e-02
   1.86489963314425e-02
   2.01580513439090e-02
   2.16734717249233e-02
   2.31884195190267e-02
   2.47005105093039e-02
   2.62004267150143e-02
   2.76835509012894e-02
   2.91377426063189e-02
   3.05557446713838e-02
   3.19223448690544e-02
   3.32273780788056e-02
   3.44525168466900e-02
   3.55846938253744e-02
   3.66027800940923e-02
   3.74912516261916e-02
   3.82270169203306e-02
   3.87931402311306e-02
   3.91660606296031e-02
   3.93291546067892e-02
   3.92605404098764e-02
   3.89462115529184e-02
   3.83685490653637e-02
   3.75187012708606e-02
   3.63858595459618e-02
   3.49685347966903e-02
   3.32646306484774e-02
   3.12813105152807e-02
   2.90259497035695e-02
   2.65143995175656e-02
   2.37629905273847e-02
   2.07951305180240e-02
   1.76345998610354e-02
   1.43105024978928e-02
   1.08520908773101e-02
   7.29209787753054e-03
   3.66325617864333e-03
   1.47883952841724e-03
   2.96034209227555e-03
   4.44667023549546e-03
   5.94079302377518e-03
   7.44418183593559e-03
   8.95989906821792e-03
   1.04885234957459e-02
   1.20329656510271e-02
   1.35926850239653e-02
   1.51701488758163e-02
   1.67634317005502e-02
   1.83742076789843e-02
   1.99988499962294e-02
   2.16378230747203e-02
   2.32854255878467e-02
   2.49404280452100e-02
   2.65946289767573e-02
   2.82445675828486e-02
   2.98790881339547e-02
   3.14919475170260e-02
   3.30686089431126e-02
   3.45995612279076e-02
   3.60665892753223e-02
   3.74566253547535e-02
   3.87477683313587e-02
   3.99234934683652e-02
   4.09587087793200e-02
   4.18341503558211e-02
   4.25227608704741e-02
   4.30040783409474e-02
   4.32511839557071e-02
   4.32448405153661e-02
   4.29611768979372e-02
   4.23852508515497e-02
   4.14995333446013e-02
   4.02964945035103e-02
   3.87678759414125e-02
   3.69158921711459e-02
   3.47432952147572e-02
   3.22628901544380e-02
   2.94885126064409e-02
   2.64427395654937e-02
   2.31490386688189e-02
   1.96377100064397e-02
   1.59395231463424e-02
   1.20899737074366e-02
   8.12466462410587e-03
   4.08191246224860e-03
   1.56899990617413e-03
   3.14089631620808e-03
   4.71901009301857e-03
   6.30562416852065e-03
   7.90428267989702e-03
   9.51646100699634e-03
   1.11456970146364e-02
   1.27924428104509e-02
   1.44599552311772e-02
   1.61474083101495e-02
   1.78574412145742e-02
   1.95876389380283e-02
   2.13396090141582e-02
   2.31089653708962e-02
   2.48957813176814e-02
   2.66932380972093e-02
   2.84992821772971e-02
   3.03041265056683e-02
   3.21029266904716e-02
   3.38823503847179e-02
   3.56340813431395e-02
   3.73407018241410e-02
   3.89898370532670e-02
   4.05596269656429e-02
   4.20333352781371e-02
   4.33847166686899e-02
   4.45929280798075e-02
   4.56281148531595e-02
   4.64664619735642e-02
   4.70763079080054e-02
   4.74331372406230e-02
   4.75064607979438e-02
   4.72744605663856e-02
   4.67117440982965e-02
   4.58032240667452e-02
   4.45327091820656e-02
   4.28955099340835e-02
   4.08877668799367e-02
   3.85173248957066e-02
   3.57938030929843e-02
   3.27374975652999e-02
   2.93704164593305e-02
   2.57232332292039e-02
   2.18276783495623e-02
   1.77217035069422e-02
   1.34436161819882e-02
   9.03558047669106e-03
   4.53972904624518e-03
   1.65626378007121e-03
   3.31617597849730e-03
   4.98284965185008e-03
   6.66028105340952e-03
   8.35086370813549e-03
   1.00587321940214e-02
   1.17853607453525e-02
   1.35347717213930e-02
   1.53072847801432e-02
   1.71064984865148e-02
   1.89312859095687e-02
   2.07844283576061e-02
   2.26629817514789e-02
   2.45684144766374e-02
   2.64954962147734e-02
   2.84437686295951e-02
   3.04051351295536e-02
   3.23764753235781e-02
   3.43461417375454e-02
   3.63075190812376e-02
   3.82446642205864e-02
   4.01466120669341e-02
   4.19924301479617e-02
   4.37660863210930e-02
   4.54412291468568e-02
   4.69964566387993e-02
   4.84001720180607e-02
   4.96261157702638e-02
   5.06386642626177e-02
   5.14084825697764e-02
   5.18985963008359e-02
   5.20799512036471e-02
   5.19184604713650e-02
   5.13900974428512e-02
   5.04689096420173e-02
   4.91410753378843e-02
   4.73936877329192e-02
   4.52271282597169e-02
   4.26444343951481e-02
   3.96615293284666e-02
   3.62972581024440e-02
   3.25814005469658e-02
   2.85457994391039e-02
   2.42303944522274e-02
   1.96759963498758e-02
   1.49286192281657e-02
   1.00343120544250e-02
   5.04189657497999e-03
   1.74036900798664e-03
   3.48469416585983e-03
   5.23739278189658e-03
   7.00178668513185e-03
   8.78256780864731e-03
   1.05822433156013e-02
   1.24055591185701e-02
   1.42539985496254e-02
   1.61320845952034e-02
   1.80400149461980e-02
   1.99817320276369e-02
   2.19558068313485e-02
   2.39651359431552e-02
   2.60062145694012e-02
   2.80802927980044e-02
   3.01812050768441e-02
   3.23077955144350e-02
   3.44504979215451e-02
   3.66048245557185e-02
   3.87569199821008e-02
   4.08979029153614e-02
   4.30086520750472e-02
   4.50748011122414e-02
   4.70710590239105e-02
   4.89766867309696e-02
   5.07597087215897e-02
   5.23927427864131e-02
   5.38375119472172e-02
   5.50609346451482e-02
   5.60203618076465e-02
   5.66798142106859e-02
   5.69962872444437e-02
   5.69358797259482e-02
   5.64612755597262e-02
   5.55472281346790e-02
   5.41689947945352e-02
   5.23163646923975e-02
   4.99826240308637e-02
   4.71763356031025e-02
   4.39106217232900e-02
   4.02123632950960e-02
   3.61121281869848e-02
   3.16510437992736e-02
   2.68721036703674e-02
   2.18252111006957e-02
   1.65605523263739e-02
   1.11321314480431e-02
   5.59354519924979e-03
   1.82051808601552e-03
   3.64584715487762e-03
   5.48024062474454e-03
   7.32890511043278e-03
   9.19537752572059e-03
   1.10850731652733e-02
   1.30006338637010e-02
   1.49474483472332e-02
   1.69270401048467e-02
   1.89444614486215e-02
   2.09998204234323e-02
   2.30974176984711e-02
   2.52355406203921e-02
   2.74171817943938e-02
   2.96382553309989e-02
   3.18997090669105e-02
   3.41943439297970e-02
   3.65201103709016e-02
   3.88657385816827e-02
   4.12249975218509e-02
   4.35813753837111e-02
   4.59230823228133e-02
   4.82270632020463e-02
   5.04745501682770e-02
   5.26347500315214e-02
   5.46808055748458e-02
   5.65735784587850e-02
   5.82779509927259e-02
   5.97472005631114e-02
   6.09396253116849e-02
   6.18040114898175e-02
   6.22965046540178e-02
   6.23674956282580e-02
   6.19783739474632e-02
   6.10897325424375e-02
   5.96771576840484e-02
   5.77201522112719e-02
   5.52157877002628e-02
   5.21676622631082e-02
   4.85965679933590e-02
   4.45294451676654e-02
   4.00071326896807e-02
   3.50741439006382e-02
   2.97842547341848e-02
   2.41921920561657e-02
   1.83577577619035e-02
   1.23401162121238e-02
   6.20065896399433e-03
   1.89637466472644e-03
   3.79793574289057e-03
   5.71036441464995e-03
   7.63821560613414e-03
   9.58751413531842e-03
   1.15620379560701e-02
   1.35679663421507e-02
   1.56081208707596e-02
   1.76885814469559e-02
   1.98109703200087e-02
   2.19809175211110e-02
   2.41985029187117e-02
   2.64684196745156e-02
   2.87887166567829e-02
   3.11624777223625e-02
   3.35850319300020e-02
   3.60569394129435e-02
   3.85698610505818e-02
   4.11206214047555e-02
   4.36959561399089e-02
   4.62874145284674e-02
   4.88752386304485e-02
   5.14438816250630e-02
   5.39653284156299e-02
   5.64150543925829e-02
   5.87551850874871e-02
   6.09508125809530e-02
   6.29535130017902e-02
   6.47180593697946e-02
   6.61869273861641e-02
   6.73075121554837e-02
   6.80182242535521e-02
   6.82661550365566e-02
   6.79949920594310e-02
   6.71625077497576e-02
   6.57297511879490e-02
   6.36769383542399e-02
   6.09927122958073e-02
   5.76868067779056e-02
   5.37785428193725e-02
   4.93056953369935e-02
   4.43128135034343e-02
   3.88571871445346e-02
   3.29985793095679e-02
   2.68036014112930e-02
   2.03381704529506e-02
   1.36709536050130e-02
   6.86897444460370e-03
   1.96704482999968e-03
   3.94021391523249e-03
   5.92506568483055e-03
   7.92817581338804e-03
   9.95442545334881e-03
   1.20107007696846e-02
   1.41010726780722e-02
   1.62325446725931e-02
   1.84081944922087e-02
   2.06348664819148e-02
   2.29143764222911e-02
   2.52530096824948e-02
   2.76509185021756e-02
   3.01132533641256e-02
   3.26379069716664e-02
   3.52280745029872e-02
   3.78785207413932e-02
   4.05893371002140e-02
   4.33509298468487e-02
   4.61587222427007e-02
   4.89970879598009e-02
   5.18547441185173e-02
   5.47078962521273e-02
   5.75360984299510e-02
   6.03049540356932e-02
   6.29823058395780e-02
   6.55209737757497e-02
   6.78752988786329e-02
   6.99845965281129e-02
   7.17902817040834e-02
   7.32208854924010e-02
   7.42100656457855e-02
   7.46839082049853e-02
   7.45797227634835e-02
   7.38355552092129e-02
   7.24085312996294e-02
   7.02651377219314e-02
   6.73966848981118e-02
   6.38083097333345e-02
   5.95296195732388e-02
   5.46019798575020e-02
   4.90848327228710e-02
   4.30432118644980e-02
   3.65518841325128e-02
   2.96854638264880e-02
   2.25219525394310e-02
   1.51365533103740e-02
   7.60481595842647e-03
   2.03212942958235e-03
   4.07080940320914e-03
   6.12311584619467e-03
   8.19499650923866e-03
   1.02939605933406e-02
   1.24252669912475e-02
   1.45967272949695e-02
   1.68127906493319e-02
   1.90813728609132e-02
   2.14059246931508e-02
   2.37941634886174e-02
   2.62482408868008e-02
   2.87752174574947e-02
   3.13754713258776e-02
   3.40547211270086e-02
   3.68108383688873e-02
   3.96471903570957e-02
   4.25580367620324e-02
   4.55429343301720e-02
   4.85909150242441e-02
   5.16956744114930e-02
   5.48387536316925e-02
   5.80052374587348e-02
   6.11662150163537e-02
   6.42947697623070e-02
   6.73481104593819e-02
   7.02837876005195e-02
   7.30421122088790e-02
   7.55628169590361e-02
   7.77687174096555e-02
   7.95833816292025e-02
   8.09172446322037e-02
   8.16868903298017e-02
   8.18044355803049e-02
   8.11980433452183e-02
   7.98036810794242e-02
   7.75842557039694e-02
   7.45205798413742e-02
   7.06251656792956e-02
   6.59296458827461e-02
   6.04919054945798e-02
   5.43813256660497e-02
   4.76821048039054e-02
   4.04802815294973e-02
   3.28665541617869e-02
   2.49276225679115e-02
   1.67495684796796e-02
   8.41373607872815e-03
   2.09066348512058e-03
   4.18886717303954e-03
   6.30159178750031e-03
   8.43689346298785e-03
   1.06011534195276e-02
   1.28028745559010e-02
   1.50477788612265e-02
   1.73446962693524e-02
   1.96985816089613e-02
   2.21183892637539e-02
   2.46081119522268e-02
   2.71764976343916e-02
   2.98262391151247e-02
   3.25653523921830e-02
   3.53946678416033e-02
   3.83206517128257e-02
   4.13413655560699e-02
   4.44604752533556e-02
   4.76718556875630e-02
   5.09744971191960e-02
   5.43559410302344e-02
   5.78077705557465e-02
   6.13080849347660e-02
   6.48372723850123e-02
   6.83597995377994e-02
   7.18400627073298e-02
   7.52239539580673e-02
   7.84548562223782e-02
   8.14558416894971e-02
   8.41463903686564e-02
   8.64266789825499e-02
   8.81962006296415e-02
   8.93419729017129e-02
   8.97600799674880e-02
   8.93485015119311e-02
   8.80302073910920e-02
   8.57476241731480e-02
   8.24817419664474e-02
   7.82421272597275e-02
   7.30765461328497e-02
   6.70546705720214e-02
   6.02701608566773e-02
   5.28236001555766e-02
   4.48232711588283e-02
   3.63728487232507e-02
   2.75740458889821e-02
   1.85203619617048e-02
   9.30110647697798e-03
   2.14220739373437e-03
   4.29240401632812e-03
   6.45913183084648e-03
   8.64983213568478e-03
   1.08735904685437e-02
   1.31372989516023e-02
   1.54505426722156e-02
   1.78196339578899e-02
   2.02545523313266e-02
   2.27609388006766e-02
   2.53489639332649e-02
   2.80233985834142e-02
   3.07942465183292e-02
   3.36650312861266e-02
   3.66449905292842e-02
   3.97357350847424e-02
   4.29447606808113e-02
   4.62706430077570e-02
   4.97175783367653e-02
   5.32792767347425e-02
   5.69541985892318e-02
   6.07283026262932e-02
   6.45906127097861e-02
   6.85149900511302e-02
   7.24756830770302e-02
   7.64283868740708e-02
   8.03255944351301e-02
   8.40975170330694e-02
   8.76675443005733e-02
   9.09343233929233e-02
   9.37886049197410e-02
   9.60989060020995e-02
   9.77320735754981e-02
   9.85454098760031e-02
   9.84123985940896e-02
   9.72210227998646e-02
   9.49002746317517e-02
   9.14166365915398e-02
   8.67901995570349e-02
   8.10797408169038e-02
   7.43842907225135e-02
   6.68210470330614e-02
   5.85220918530004e-02
   4.96163542269887e-02
   4.02297057118077e-02
   3.04753503030613e-02
   2.04578270740872e-02
   1.02703278674790e-02
   2.18576207348877e-03
   4.38051212302339e-03
   6.59269938387271e-03
   8.83189964321099e-03
   1.11060773673602e-02
   1.34254235772738e-02
   1.57974589181437e-02
   1.82329756539780e-02
   2.07390549577786e-02
   2.33270071066401e-02
   2.60034063967421e-02
   2.87798855378988e-02
   3.16623170886514e-02
   3.46622785593514e-02
   3.77845279046647e-02
   4.10399133269871e-02
   4.44312990746759e-02
   4.79676458054802e-02
   5.16485379169985e-02
   5.54791037110986e-02
   5.94532739656569e-02
   6.35691465502324e-02
   6.78110732269552e-02
   7.21650172190108e-02
   7.65995558451204e-02
   8.10807981380458e-02
   8.55525198753130e-02
   8.99504886076269e-02
   9.41824950868033e-02
   9.81428557139688e-02
   1.01694511301391e-01
   1.04686399743166e-01
   1.06942005522177e-01
   1.08284169486267e-01
   1.08534660188560e-01
   1.07547603471793e-01
   1.05215814962454e-01
   1.01499928685302e-01
   9.64222935599684e-02
   9.00726387759054e-02
   8.25817044680675e-02
   7.41113925010710e-02
   6.48273659963747e-02
   5.48930701589712e-02
   4.44542695939299e-02
   3.36414738624604e-02
   2.25652681641039e-02
   1.13229313990790e-02
   2.22088116996099e-03
   4.45118301840396e-03
   6.70090207389080e-03
   8.97898968592629e-03
   1.12961126768662e-02
   1.36608590719888e-02
   1.60846349436244e-02
   1.85757547820997e-02
   2.11463889296791e-02
   2.38046282713629e-02
   2.65633591693742e-02
   2.94304200827875e-02
   3.24192422906746e-02
   3.55372379579630e-02
   3.87980035257367e-02
   4.22080912438654e-02
   4.57805246205477e-02
   4.95201032224893e-02
   5.34379203561744e-02
   5.75353262269965e-02
   6.18190591542222e-02
   6.62839363820242e-02
   7.09281061376250e-02
   7.57344497528374e-02
   8.06853512201780e-02
   8.57427299576791e-02
   9.08617195022459e-02
   9.59694224353219e-02
   1.00977367829610e-01
   1.05760093074757e-01
   1.10168079845454e-01
   1.14010176146996e-01
   1.17072763417794e-01
   1.19114602358330e-01
   1.19901221015669e-01
   1.19218915936295e-01
   1.16921461480139e-01
   1.12944969627247e-01
   1.07331573373653e-01
   1.00206816258682e-01
   9.17627347236894e-02
   8.22154525067806e-02
   7.17861512367801e-02
   6.06742908185915e-02
   4.90550199411271e-02
   3.70710073887465e-02
   2.48399450673046e-02
   1.24561295647329e-02
   2.24657958795121e-03
   4.50353476555081e-03
   6.78073620736023e-03
   9.08922249151818e-03
   1.14385245821894e-02
   1.38404876548780e-02
   1.63044670022655e-02
   1.88432338230920e-02
   2.14661177074753e-02
   2.41868947445252e-02
   2.70149819266044e-02
   2.99651686986407e-02
   3.30469940332964e-02
   3.62761434206513e-02
   3.96621569964537e-02
   4.32212699984587e-02
   4.69626049411601e-02
   5.09021786961063e-02
   5.50477140582135e-02
   5.94134595203058e-02
   6.40037000422111e-02
   6.88279176169820e-02
   7.38829651886830e-02
   7.91679152241399e-02
   8.46646693250752e-02
   9.03516075716677e-02
   9.61822057406696e-02
   1.02096495674995e-01
   1.07997460721559e-01
   1.13760138332025e-01
   1.19207538858669e-01
   1.24121085914097e-01
   1.28224269643673e-01
   1.31207309389849e-01
   1.32736705579493e-01
   1.32511745172383e-01
   1.30306145394558e-01
   1.26032491117885e-01
   1.19752214048714e-01
   1.11665011291305e-01
   1.02046965661228e-01
   9.12052644205870e-02
   7.94274956253737e-02
   6.69656330570640e-02
   5.40205119632404e-02
   4.07492354237979e-02
   2.72673751516350e-02
   1.36621930655295e-02
   2.26244807484785e-03
   4.53564024848784e-03
   6.83091354157600e-03
   9.15863949059680e-03
   1.15309592803198e-02
   1.39580999630684e-02
   1.64532071534014e-02
   1.90265958005276e-02
   2.16926001744218e-02
   2.44618510726582e-02
   2.73500271045546e-02
   3.03682787518746e-02
   3.35337284409229e-02
   3.68581846948920e-02
   4.03601991207367e-02
   4.40522268123555e-02
   4.79540013463799e-02
   5.20782925625622e-02
   5.64452954970044e-02
   6.10670977538020e-02
   6.59626734672196e-02
   7.11410688550096e-02
   7.66164067678313e-02
   8.23895766299641e-02
   8.84623243953451e-02
   9.48168252632469e-02
   1.01427417513984e-01
   1.08236893802431e-01
   1.15164016260321e-01
   1.22075460673114e-01
   1.28788650111846e-01
   1.35042359007051e-01
   1.40503213967112e-01
   1.44753659977899e-01
   1.47333216242397e-01
   1.47785213779188e-01
   1.45764818978450e-01
   1.41126635401020e-01
   1.33984883583554e-01
   1.24654049196598e-01
   1.13559039384470e-01
   1.01131143888966e-01
   8.77561360310868e-02
   7.37402338210505e-02
   5.93143240155299e-02
   4.46380471915695e-02
   2.98192183284750e-02
   1.49252675457500e-02
   2.26757246295234e-03
   4.54674023925947e-03
   6.84863821985914e-03
   9.18559629491602e-03
   1.15685730854246e-02
   1.40109024966882e-02
   1.65236658477443e-02
   1.91214701835758e-02
   2.18158361170260e-02
   2.46229141942348e-02
   2.75549966670812e-02
   3.06300440619699e-02
   3.38614562836286e-02
   3.72692465657516e-02
   4.08682279792456e-02
   4.46806332033238e-02
   4.87228810694419e-02
   5.30193908019759e-02
   5.75880776134399e-02
   6.24550320791414e-02
   6.76388272178558e-02
   7.31655881862563e-02
   7.90520163976685e-02
   8.53200754264816e-02
   9.19782263630941e-02
   9.90343333761542e-02
   1.06473745249589e-01
   1.14267856405764e-01
   1.22346249844177e-01
   1.30596942565303e-01
   1.38829241908549e-01
   1.46763954615124e-01
   1.53992567239823e-01
   1.59977810089429e-01
   1.64057285633008e-01
   1.65537312042936e-01
   1.63841281339036e-01
   1.58729810160661e-01
   1.50406635687884e-01
   1.39411859783973e-01
   1.26403998791089e-01
   1.12007792318644e-01
   9.67256707889571e-02
   8.09274979163886e-02
   6.48585030862591e-02
   4.86710221388547e-02
   3.24461834249455e-02
   1.62201988003772e-02
   2.26163149829366e-03
   4.53511002573856e-03
   6.83288400987000e-03
   9.16653438378352e-03
   1.15494408355124e-02
   1.39932710905157e-02
   1.65126728061028e-02
   1.91197829690055e-02
   2.18308730734419e-02
   2.46589729201737e-02
   2.76223644564021e-02
   3.07354445452951e-02
   3.40189313466210e-02
   3.74891173052403e-02
   4.11696200679879e-02
   4.50791969522521e-02
   4.92448364773165e-02
   5.36883119624598e-02
   5.84403598238815e-02
   6.35261257314680e-02
   6.89800856714181e-02
   7.48304402744915e-02
   8.11142360985635e-02
   8.78604823151998e-02
   9.51044482229282e-02
   1.02868536628687e-01
   1.11173548846685e-01
   1.20014536726859e-01
   1.29364124164683e-01
   1.39136817835372e-01
   1.49174994749113e-01
   1.59191650305072e-01
   1.68732374558557e-01
   1.77107727506986e-01
   1.83387281785728e-01
   1.86465467420514e-01
   1.85338948596722e-01
   1.79544688214705e-01
   1.69504945582542e-01
   1.56182755460322e-01
   1.40641370392221e-01
   1.23770355805564e-01
   1.06214367008871e-01
   8.83855839692879e-02
   7.05232705862233e-02
   5.27413548526449e-02
   3.50753543158185e-02
   1.75093442308132e-02
   2.24384350448374e-03
   4.50021987836961e-03
   6.78125341009879e-03
   9.10027048842199e-03
   1.14693847823259e-02
   1.39031072589182e-02
   1.64139713171458e-02
   1.90180900290889e-02
   2.17289002875625e-02
   2.45645842698070e-02
   2.75400436930583e-02
   3.06760733762703e-02
   3.39897072523200e-02
   3.75050047216557e-02
   4.12419380352136e-02
   4.52286261634814e-02
   4.94889559251121e-02
   5.40560698913918e-02
   5.89589239881582e-02
   6.42367940291565e-02
   6.99249494618572e-02
   7.60698519010225e-02
   8.27140054068943e-02
   8.99112710450058e-02
   9.77105475847323e-02
   1.06169885360034e-01
   1.15337376781606e-01
   1.25260522004141e-01
   1.35958892252321e-01
   1.47418819719588e-01
   1.59542268947458e-01
   1.72102467413651e-01
   1.84637553182348e-01
   1.96340095742396e-01
   2.05918646582404e-01
   2.11604332019453e-01
   2.11504357412632e-01
   2.04610307097471e-01
   1.91885702967257e-01
   1.75177271932079e-01
   1.56208371511908e-01
   1.36221413766218e-01
   1.15975857471676e-01
   9.58797570831972e-02
   7.61076404367013e-02
   5.66973234391623e-02
   3.76045347548705e-02
   1.87423436842716e-02
   2.21402819493994e-03
   4.44067257315735e-03
   6.69314764869591e-03
   8.98390937747977e-03
   1.13272070688284e-02
   1.37358018456856e-02
   1.62254391231986e-02
   1.88097055426419e-02
   2.15063590855145e-02
   2.43304201784334e-02
   2.73022688229338e-02
   3.04390980144079e-02
   3.37646627504321e-02
   3.72992562938491e-02
   4.10709756566466e-02
   4.51044137413478e-02
   4.94332907942548e-02
   5.40880876898370e-02
   5.91098822188222e-02
   6.45371769351425e-02
   7.04207650963171e-02
   7.68100124608472e-02
   8.37685239437079e-02
   9.13600488731969e-02
   9.96644805361692e-02
   1.08763080445110e-01
   1.18753349559855e-01
   1.29731282255776e-01
   1.41799677468785e-01
   1.55037299843200e-01
   1.69480019481203e-01
   1.85038397219726e-01
   2.01382033025094e-01
   2.17696455697847e-01
   2.32349056088321e-01
   2.42528856662262e-01
   2.44469340883475e-01
   2.35506479795292e-01
   2.18255015354833e-01
   1.96432257788828e-01
   1.72797309382648e-01
   1.48931070275723e-01
   1.25590858913441e-01
   1.03049946455124e-01
   8.13322161298275e-02
   6.03357637124324e-02
   3.99041286518447e-02
   1.98554957514028e-02
   2.17159670211867e-03
   4.35627296910843e-03
   6.56675523404776e-03
   8.81695308400883e-03
   1.11197322698222e-02
   1.34903253193541e-02
   1.59422777873213e-02
   1.84926889123270e-02
   2.11564103334202e-02
   2.39530456133619e-02
   2.68995134058356e-02
   3.00187113114180e-02
   3.33305894411513e-02
   3.68623661428397e-02
   4.06382945561760e-02
   4.46913082670556e-02
   4.90517058207224e-02
   5.37601082760101e-02
   5.88553402621511e-02
   6.43886065168549e-02
   7.04109215274215e-02
   7.69884683017673e-02
   8.41900290338931e-02
   9.21035745811022e-02
   1.00824245241638e-01
   1.10472230475027e-01
   1.21181658756927e-01
   1.33119048453637e-01
   1.46471235523845e-01
   1.61457872764557e-01
   1.78302111914427e-01
   1.97195862434157e-01
   2.18155726000455e-01
   2.40720923119653e-01
   2.63252265410771e-01
   2.81698371169345e-01
   2.88337669663714e-01
   2.74696224335793e-01
   2.49195620867956e-01
   2.19503616184394e-01
   1.89617537954132e-01
   1.61118025109815e-01
   1.34406561451240e-01
   1.09399369370875e-01
   8.58355139150520e-02
   6.34108521340131e-02
   4.18207203886733e-02
   2.07760018678123e-02
   2.11655848046538e-03
   4.24606736710995e-03
   6.40205800204846e-03
   8.59741545468556e-03
   1.08467692106205e-02
   1.31634893745872e-02
   1.55638601573877e-02
   1.80623619859244e-02
   2.06775744059348e-02
   2.34258385357585e-02
   2.63288129296300e-02
   2.94056443842773e-02
   3.26820825954842e-02
   3.61813242801826e-02
   3.99345836225501e-02
   4.39708189499763e-02
   4.83286625807416e-02
   5.30452993313297e-02
   5.81696944980815e-02
   6.37509873427044e-02
   6.98530468030893e-02
   7.65429101849074e-02
   8.39069019104893e-02
   9.20399751756812e-02
   1.01064079274527e-01
   1.11119937456433e-01
   1.22389300483029e-01
   1.35092017278002e-01
   1.49515427571520e-01
   1.66020843776758e-01
   1.85081450938143e-01
   2.07287214602019e-01
   2.33330406078887e-01
   2.63779245369540e-01
   2.98246490669372e-01
   3.32674692940634e-01
   3.52491885340614e-01
   3.25745127016210e-01
   2.84332049709058e-01
   2.42769048126660e-01
   2.05054829502611e-01
   1.71516930758166e-01
   1.41520767289627e-01
   1.14305455662085e-01
   8.92014937288279e-02
   6.56514105198949e-02
   4.31928445396864e-02
   2.14277913311733e-02
   2.04856985263291e-03
   4.11028520460129e-03
   6.19799395235057e-03
   8.32567707919918e-03
   1.05064397433871e-02
   1.27556593409992e-02
   1.50873114817180e-02
   1.75187984734560e-02
   2.00656867686362e-02
   2.27481557826202e-02
   2.55842553926486e-02
   2.85978965094059e-02
   3.18107722763258e-02
   3.52518010835910e-02
   3.89478967038655e-02
   4.29347774338202e-02
   4.72468262209381e-02
   5.19292085705413e-02
   5.70271510561409e-02
   6.25993924335773e-02
   6.87073681573239e-02
   7.54302174759162e-02
   8.28546932474756e-02
   9.10924267774394e-02
   1.00272159224357e-01
   1.10561193250850e-01
   1.22163588440755e-01
   1.35351202223819e-01
   1.50477613707474e-01
   1.68035275882836e-01
   1.88715633459366e-01
   2.13547424096162e-01
   2.44099438343535e-01
   2.82824976492337e-01
   3.33279758956543e-01
   3.98267273562431e-01
   4.63210051741899e-01
   3.91464945392135e-01
   3.19618402825405e-01
   2.62189565904907e-01
   2.16315801171488e-01
   1.78377178319778e-01
   1.45854121287017e-01
   1.17102427177800e-01
   9.10135948182801e-02
   6.68018075226959e-02
   4.38714559190042e-02
   2.17427733605743e-02
   1.96786806850812e-03
   3.94850964631175e-03
   5.95524547511690e-03
   8.00085916637347e-03
   1.00997797849231e-02
   1.22653967643047e-02
   1.45138560722671e-02
   1.68598336575453e-02
   1.93219002566304e-02
   2.19168424334377e-02
   2.46665316178192e-02
   2.75909139843719e-02
   3.07163059346289e-02
   3.40672110739901e-02
   3.76759615586531e-02
   4.15735678605010e-02
   4.58006422894271e-02
   5.03975576737565e-02
   5.54166456688270e-02
   6.09120631781401e-02
   6.69533998753378e-02
   7.36158983139578e-02
   8.09959497613580e-02
   8.92028794622438e-02
   9.83776891483078e-02
   1.08689087881854e-01
   1.20359327106319e-01
   1.33671589469047e-01
   1.49015026637319e-01
   1.66927012587744e-01
   1.88204562138685e-01
   2.14087409979726e-01
   2.46700726070851e-01
   2.90141463299728e-01
   3.53785579565835e-01
   4.63904590610647e-01
   7.10620805301302e-01
   4.57286199985024e-01
   3.40491093704446e-01
   2.70055011496074e-01
   2.19644948593814e-01
   1.79821860062442e-01
   1.46418649603037e-01
   1.17236536943817e-01
   9.09503659145977e-02
   6.66707688336044e-02
   4.37492629085892e-02
   2.16718461921198e-02
   1.87439277508780e-03
   3.76145692683555e-03
   5.67361913543179e-03
   7.62435512966477e-03
   9.62642346562717e-03
   1.16946898405917e-02
   1.38428823855003e-02
   1.60879157234790e-02
   1.84452381669023e-02
   2.09346045312085e-02
   2.35741146608187e-02
   2.63873682770252e-02
   2.93963264038280e-02
   3.26297732166371e-02
   3.61151705962559e-02
   3.98883568502133e-02
   4.39846174025127e-02
   4.84495804271147e-02
   5.33298107672705e-02
   5.86849446888605e-02
   6.45782698519295e-02
   7.10903392235739e-02
   7.83103280217547e-02
   8.63518447580867e-02
   9.53466300247768e-02
   1.05464509177963e-01
   1.16913042633621e-01
   1.29967039045610e-01
   1.44983890785012e-01
   1.62459190327197e-01
   1.83088192527906e-01
   2.07902601047335e-01
   2.38474592660413e-01
   2.77259820014913e-01
   3.27816505396424e-01
   3.92949442132031e-01
   4.58082378867637e-01
   3.86572104877002e-01
   3.15004760511280e-01
   2.57897930042611e-01
   2.12387121645250e-01
   1.74849441432930e-01
   1.42762080118871e-01
   1.14476722483741e-01
   8.88805630626898e-02
   6.51828628756451e-02
   4.27829806896283e-02
   2.11957587137067e-02
   1.76863084344504e-03
   3.54930615051085e-03
   5.35456692715603e-03
   7.19651875122666e-03
   9.08876141035067e-03
   1.10440567469345e-02
   1.30776736125636e-02
   1.52037086839680e-02
   1.74398085983825e-02
   1.98022228636752e-02
   2.23118477321949e-02
   2.49881180590821e-02
   2.78563049911319e-02
   3.09403847924746e-02
   3.42715179852598e-02
   3.78800715415835e-02
   4.18052169261321e-02
   4.60863358649191e-02
   5.07737114796267e-02
   5.59196349581020e-02
   6.15902546293357e-02
   6.78568607066538e-02
   7.48091610275628e-02
   8.25475415235716e-02
   9.11984851655803e-02
   1.00909276171601e-01
   1.11867230159436e-01
   1.24299633294759e-01
   1.38500071389851e-01
   1.54837665408128e-01
   1.73791915432830e-01
   1.95960209021296e-01
   2.22040366516033e-01
   2.52606718703087e-01
   2.87275882472788e-01
   3.21994293653414e-01
   3.42191347990089e-01
   3.15915080144066e-01
   2.75061511616640e-01
   2.34144826517840e-01
   1.97159118847254e-01
   1.64426703905157e-01
   1.35305764826233e-01
   1.09027709809585e-01
   8.49138272038489e-02
   6.23971389166577e-02
   4.10048077102513e-02
   2.03282079730787e-02
   1.65082444818150e-03
   3.31328545428861e-03
   4.99882367145483e-03
   6.71981092314819e-03
   8.48804667761433e-03
   1.03172021075052e-02
   1.22200466338516e-02
   1.42121829978800e-02
   1.63080646789843e-02
   1.85259780292312e-02
   2.08829353452036e-02
   2.34008450809877e-02
   2.61003907091428e-02
   2.90083194330606e-02
   3.21504450107252e-02
   3.55599817466998e-02
   3.92698428955132e-02
   4.33219543701093e-02
   4.77590643282152e-02
   5.26349972163671e-02
   5.80062530006576e-02
   6.39432164970428e-02
   7.05219138582711e-02
   7.78362733283438e-02
   8.59904929423716e-02
   9.51124560899824e-02
   1.05346968537764e-01
   1.16869654629093e-01
   1.29879096071505e-01
   1.44604742918879e-01
   1.61281594773990e-01
   1.80110921482792e-01
   2.01119945679335e-01
   2.23855402464770e-01
   2.46686012138226e-01
   2.65564651329484e-01
   2.72773639295237e-01
   2.59838989787537e-01
   2.35181379293375e-01
   2.06463803841355e-01
   1.77677823320769e-01
   1.50394923027943e-01
   1.25006565471319e-01
   1.01416291424693e-01
   7.93498970264626e-02
   5.84881296709685e-02
   3.85109032616404e-02
   1.91126247052122e-02
   1.52171229856464e-03
   3.05418754700725e-03
   4.60861837660434e-03
   6.19585459229693e-03
   7.82803929846376e-03
   9.51665837162054e-03
   1.12753682412536e-02
   1.31169119947159e-02
   1.50571062218817e-02
   1.71106892290618e-02
   1.92964182378652e-02
   2.16319362105221e-02
   2.41399167567132e-02
   2.68420572198997e-02
   2.97661973765403e-02
   3.29395675389774e-02
   3.63967986686171e-02
   4.01725743917897e-02
   4.43104429069938e-02
   4.88550365784935e-02
   5.38615813193550e-02
   5.93878384225887e-02
   6.55041485764134e-02
   7.22851449891612e-02
   7.98199230789758e-02
   8.82030867081934e-02
   9.75436362309897e-02
   1.07952920612344e-01
   1.19546871540732e-01
   1.32420615421892e-01
   1.46623527237375e-01
   1.62081936456547e-01
   1.78477514284598e-01
   1.95008933338432e-01
   2.10052155648003e-01
   2.20804660231060e-01
   2.23503166249980e-01
   2.15485860417468e-01
   1.99364305707614e-01
   1.78851186233438e-01
   1.56695986026598e-01
   1.34468599414528e-01
   1.12911223955481e-01
   9.22809933914068e-02
   7.25826520780459e-02
   5.36945794791136e-02
   3.54387125438879e-02
   1.76113875861298e-02
   1.38183719906981e-03
   2.77373629345292e-03
   4.18560769565835e-03
   5.62814438181074e-03
   7.11159755232325e-03
   8.64779126814620e-03
   1.02478559648263e-02
   1.19253018252600e-02
   1.36927589847647e-02
   1.55660717619195e-02
   1.75601121666732e-02
   1.96938419803164e-02
   2.19852828872880e-02
   2.44574787117137e-02
   2.71327197365589e-02
   3.00393215801856e-02
   3.32052098481879e-02
   3.66654105996670e-02
   4.04550963294766e-02
   4.46176429451212e-02
   4.91971972756802e-02
   5.42470603443913e-02
   5.98216970356328e-02
   6.59849466268091e-02
   7.28009676761772e-02
   8.03410243360631e-02
   8.86715690656577e-02
   9.78561171213731e-02
   1.07934854057187e-01
   1.18911745698260e-01
   1.30709962297071e-01
   1.43119964417923e-01
   1.55699241664079e-01
   1.67654529683766e-01
   1.77709016884296e-01
   1.84102159920601e-01
   1.84948505056155e-01
   1.79240038186003e-01
   1.67938796886173e-01
   1.52883223324503e-01
   1.35786335137659e-01
   1.17874311947738e-01
   9.98887375446722e-02
   8.22152930320653e-02
   6.50051384152008e-02
   4.82697256877924e-02
   3.19379798486677e-02
   1.58945154433478e-02
   1.23217162884354e-03
   2.47331273207626e-03
   3.73274156122120e-03
   5.01951768696445e-03
   6.34375023940888e-03
   7.71505318381471e-03
   9.14480079406841e-03
   1.06436803567332e-02
   1.22248675884778e-02
   1.39007266671782e-02
   1.56868634765391e-02
   1.75980366567824e-02
   1.96530312237826e-02
   2.18698550031083e-02
   2.42713573281557e-02
   2.68797891970181e-02
   2.97230665440102e-02
   3.28287618292139e-02
   3.62308671955198e-02
   3.99632415968345e-02
   4.40666378972625e-02
   4.85815086436635e-02
   5.35548532477575e-02
   5.90319768062652e-02
   6.50622152823018e-02
   7.16884738942241e-02
   7.89496855554715e-02
   8.68651247503032e-02
   9.54287484281081e-02
   1.04581551016888e-01
   1.14188491142541e-01
   1.23988717253994e-01
   1.33548586549689e-01
   1.42200926848258e-01
   1.49030539866505e-01
   1.52946457510893e-01
   1.52951608174282e-01
   1.48586990384216e-01
   1.40270158775111e-01
   1.28956575040741e-01
   1.15693902060205e-01
   1.01353575694093e-01
   8.65557141217884e-02
   7.16863027769814e-02
   5.69539595828261e-02
   4.24412050081876e-02
   2.81495085496164e-02
   1.40286943385939e-02
   1.07353658422810e-03
   2.15508045269658e-03
   3.25252813018574e-03
   4.37438473960650e-03
   5.52883253453311e-03
   6.72527621805864e-03
   7.97261367089941e-03
   9.28158959575444e-03
   1.06623043452349e-02
   1.21273447043062e-02
   1.36885784155226e-02
   1.53610165894729e-02
   1.71589503479516e-02
   1.91004824644677e-02
   2.12030653759375e-02
   2.34886161092300e-02
   2.59785053016209e-02
   2.86991302694240e-02
   3.16763690265541e-02
   3.49414119524937e-02
   3.85246040728719e-02
   4.24611840436356e-02
   4.67842305054685e-02
   5.15296396416868e-02
   5.67274427525406e-02
   6.24047030625809e-02
   6.85735745117012e-02
   7.52296043338054e-02
   8.23334638880538e-02
   8.98007389351262e-02
   9.74737340022106e-02
   1.05101152880214e-01
   1.12305460432426e-01
   1.18573128416436e-01
   1.23265758222573e-01
   1.25704299740674e-01
   1.25324479745863e-01
   1.21888588893132e-01
   1.15598272789313e-01
   1.06981063294426e-01
   9.66791223683270e-02
   8.52920030357491e-02
   7.32942404714073e-02
   6.10214270471284e-02
   4.86831921309345e-02
   3.63923436998579e-02
   2.41901550030164e-02
   1.20709938440756e-02
   9.07101833172452e-04
   1.82094436429623e-03
   2.74852510251754e-03
   3.69666060674272e-03
   4.67293989467277e-03
   5.68460548298735e-03
   6.74019393188543e-03
   7.84776001015021e-03
   9.01718323010245e-03
   1.02577693892892e-02
   1.15811895585974e-02
   1.29985009376351e-02
   1.45236702968101e-02
   1.61700591308734e-02
   1.79544639863422e-02
   1.98931045623433e-02
   2.20060822951223e-02
   2.43128849203069e-02
   2.68371092019438e-02
   2.96014331137142e-02
   3.26323435074549e-02
   3.59543929525386e-02
   3.95944729240359e-02
   4.35749085024728e-02
   4.79164545991793e-02
   5.26293210918577e-02
   5.77135071791259e-02
   6.31462541851633e-02
   6.88778738443833e-02
   7.48142068333524e-02
   8.08075198352341e-02
   8.66366998322271e-02
   9.20017486884419e-02
   9.65203681624884e-02
   9.97576020587878e-02
   1.01280503483368e-01
   1.00755680015203e-01
   9.80446126531363e-02
   9.32552215278189e-02
   8.66902829793227e-02
   7.87511139555547e-02
   6.98410736091695e-02
   6.03090358690425e-02
   5.04219728091904e-02
   4.03658616386986e-02
   3.02548226572930e-02
   2.01481890594388e-02
   1.00651260346922e-02
   7.33926384165472e-04
   1.47341796435288e-03
   2.22396730884546e-03
   2.99148278603722e-03
   3.78166095442789e-03
   4.60103288540390e-03
   5.45579656350476e-03
   6.35340846552243e-03
   7.30089917573545e-03
   8.30698756569553e-03
   9.37990949194284e-03
   1.05300204675215e-02
   1.17671707707804e-02
   1.31037475801194e-02
   1.45516268762144e-02
   1.61255834328902e-02
   1.78398343962179e-02
   1.97117071002929e-02
   2.17577497472000e-02
   2.39974777676727e-02
   2.64489438906949e-02
   2.91322592801464e-02
   3.20643597356636e-02
   3.52617886458873e-02
   3.87341460498463e-02
   4.24853304956691e-02
   4.65048789277817e-02
   5.07666869936975e-02
   5.52175704709639e-02
   5.97732513358072e-02
   6.43054386731463e-02
   6.86387935254304e-02
   7.25444663266266e-02
   7.57512283502981e-02
   7.79637783667216e-02
   7.89064494864139e-02
   7.83731241784426e-02
   7.62807268550173e-02
   7.26877176895037e-02
   6.77752200534234e-02
   6.17939768653998e-02
   5.50133242485172e-02
   4.76788565864028e-02
   3.99924256399033e-02
   3.21034589573764e-02
   2.41134173304144e-02
   1.60826525427535e-02
   8.04149589385196e-03
   5.55326052778673e-04
   1.11483380010435e-03
   1.68286202643037e-03
   2.26364227413280e-03
   2.86187837221725e-03
   3.48206854069558e-03
   4.12950126935683e-03
   4.80917811269932e-03
   5.52721235608204e-03
   6.28937220581462e-03
   7.10286033614929e-03
   7.97450066972765e-03
   8.91286648274030e-03
   9.92613354260951e-03
   1.10245094587602e-02
   1.22177678967851e-02
   1.35179074642779e-02
   1.49363593374470e-02
   1.64867615265947e-02
   1.81817843190816e-02
   2.00358317811232e-02
   2.20613405416885e-02
   2.42710999700217e-02
   2.66737402955667e-02
   2.92752016239662e-02
   3.20729759131910e-02
   3.50561555134623e-02
   3.81980443908811e-02
   4.14545719285661e-02
   4.47557893657664e-02
   4.80041954143513e-02
   5.10685692697217e-02
   5.37879703909172e-02
   5.59763005453557e-02
   5.74415486038475e-02
   5.80083919171230e-02
   5.75511665595071e-02
   5.60174528989864e-02
   5.34410145793100e-02
   4.99289026794675e-02
   4.56373259173126e-02
   4.07393899330967e-02
   3.54014640307598e-02
   2.97654142066436e-02
   2.39426878336478e-02
   1.80127351642346e-02
   1.20277885046715e-02
   6.01820499796213e-03
   3.72544026844866e-04
   7.47940212254085e-04
   1.12900472263887e-03
   1.51876456754796e-03
   1.92014171961272e-03
   2.33648103766821e-03
   2.77096186052766e-03
   3.22740036590140e-03
   3.70939993007878e-03
   4.22141591047796e-03
   4.76765897711206e-03
   5.35340390395947e-03
   5.98366094784364e-03
   6.66470150915608e-03
   7.40250951943166e-03
   8.20448328461837e-03
   9.07766822666149e-03
   1.00305713556686e-02
   1.10711527026504e-02
   1.22086495763050e-02
   1.34512583730276e-02
   1.48078018126032e-02
   1.62849593071679e-02
   1.78885221585842e-02
   1.96199442372609e-02
   2.14768606646214e-02
   2.34487228219956e-02
   2.55163741886327e-02
   2.76468834866529e-02
   2.97926897896422e-02
   3.18869843487707e-02
   3.38447832038417e-02
   3.55625454219648e-02
   3.69258106459063e-02
   3.78177235861898e-02
   3.81356268812248e-02
   3.78056972434763e-02
   3.67979753808566e-02
   3.51299850492825e-02
   3.28629522236511e-02
   3.00870341912865e-02
   2.69061630193806e-02
   2.34221953968960e-02
   1.97256004204003e-02
   1.58891430063364e-02
   1.19673631198874e-02
   7.99756131373586e-03
   4.00364155225265e-03
   1.86980581568280e-04
   3.75378299428253e-04
   5.66663143968639e-04
   7.62269553807436e-04
   9.63790825814257e-04
   1.17275202983687e-03
   1.39094386266609e-03
   1.62006156029985e-03
   1.86217350482126e-03
   2.11923252890640e-03
   2.39367163179325e-03
   2.68779502115455e-03
   3.00448949893443e-03
   3.34650202673951e-03
   3.71724976044159e-03
   4.11998749559520e-03
   4.55869021954303e-03
   5.03710515591545e-03
   5.55966519225657e-03
   6.13040291046044e-03
   6.75382757800419e-03
   7.43364902852868e-03
   8.17351328250946e-03
   8.97544479434130e-03
   9.84029717941014e-03
   1.07657996860383e-02
   1.17465921407587e-02
   1.27718460550011e-02
   1.38249578747582e-02
   1.48811019573788e-02
   1.59072800202648e-02
   1.68610337749096e-02
   1.76925630567474e-02
   1.83466730301151e-02
   1.87687728486037e-02
   1.89106947781099e-02
   1.87387895883168e-02
   1.82387663316810e-02
   1.74186595888828e-02
   1.63058869745679e-02
   1.49422384305244e-02
   1.33760325562432e-02
   1.16559692562160e-02
   9.82564907172495e-03
   7.92120126832607e-03
   5.97001299524290e-03
   3.99159355157284e-03
   1.99879989731260e-03
