   4.51587958854853e-04
   9.03383193373049e-04
   1.35559869251408e-03
   1.80825991357044e-03
   2.26140775656780e-03
   2.71470827528379e-03
   3.16784901911373e-03
   3.61995860930270e-03
   4.07019187755195e-03
   4.51697257522365e-03
   4.95876356707788e-03
   5.39315333554542e-03
   5.81780924510566e-03
   6.22943574666956e-03
   6.62490966380581e-03
   7.00014249368209e-03
   7.35139352495383e-03
   7.67406648171241e-03
   7.96418516304664e-03
   8.21714257211291e-03
   8.42930313076379e-03
   8.59670165170437e-03
   8.71671127852232e-03
   8.78666978466635e-03
   8.80553672866682e-03
   8.77242108790067e-03
   8.68815912530158e-03
   8.55373975683081e-03
   8.37176743411636e-03
   8.14482092921308e-03
   7.87680503209362e-03
   7.57131104093905e-03
   7.23288367720409e-03
   6.86545938263620e-03
   6.47357159171881e-03
   6.06092709614462e-03
   5.63155315018021e-03
   5.18854709735542e-03
   4.73514820398721e-03
   4.27367496265490e-03
   3.80649263794045e-03
   3.33514141694841e-03
   2.86116867601788e-03
   2.38544789633948e-03
   1.90884929389304e-03
   1.43175024218487e-03
   9.54525234643152e-04
   4.77250171298360e-04
   9.02968642046361e-04
   1.80644548021756e-03
   2.71075166311285e-03
   3.61623029006607e-03
   4.52266283741697e-03
   5.42986790122436e-03
   6.33672919186842e-03
   7.24217481992384e-03
   8.14383632568143e-03
   9.03939957910889e-03
   9.92492835754246e-03
   1.07965810660807e-02
   1.16486478982077e-02
   1.24756315520312e-02
   1.32700604148716e-02
   1.40249312242223e-02
   1.47313651244208e-02
   1.53813977315051e-02
   1.59655315983613e-02
   1.64758268758229e-02
   1.69033682992379e-02
   1.72415592366003e-02
   1.74834736777186e-02
   1.76252077338394e-02
   1.76630560421003e-02
   1.75967619115364e-02
   1.74264756564748e-02
   1.71557899938099e-02
   1.67885090504215e-02
   1.63314404497645e-02
   1.57910881582224e-02
   1.51762443530244e-02
   1.44947642852411e-02
   1.37560195475006e-02
   1.29678998880944e-02
   1.21391588511558e-02
   1.12767384072208e-02
   1.03879907208923e-02
   9.47837075593854e-03
   8.55348290046296e-03
   7.61715417215847e-03
   6.67324149096247e-03
   5.72408539078361e-03
   4.77201846173266e-03
   3.81819903704782e-03
   2.86377497496054e-03
   1.90910052508937e-03
   9.54525234643152e-04
   1.35394048717320e-03
   2.70867842233798e-03
   4.06502863251316e-03
   5.42324674616401e-03
   6.78363406228277e-03
   8.14537130032825e-03
   9.50769788214120e-03
   1.08681751528428e-02
   1.22244250280965e-02
   1.35718610579880e-02
   1.49059744765246e-02
   1.62195946730272e-02
   1.75057177396300e-02
   1.87543821483760e-02
   1.99560411316013e-02
   2.10981568639146e-02
   2.21691129475658e-02
   2.31546277215257e-02
   2.40421719965715e-02
   2.48172650335796e-02
   2.54682958736975e-02
   2.59826933177403e-02
   2.63519601030536e-02
   2.65676314308724e-02
   2.66262678103660e-02
   2.65250948596697e-02
   2.62667225348372e-02
   2.58544355115124e-02
   2.52965250488396e-02
   2.46013436612009e-02
   2.37812808955502e-02
   2.28478139276952e-02
   2.18152357475706e-02
   2.06959546340304e-02
   1.95040620562794e-02
   1.82510700131633e-02
   1.69493298007174e-02
   1.56083066230542e-02
   1.42377887757894e-02
   1.28447317110999e-02
   1.14361606881496e-02
   1.00165849839594e-02
   8.59049491782715e-03
   7.16034152275974e-03
   5.72854679864587e-03
   4.29605009552009e-03
   2.86377497496054e-03
   1.43175024218487e-03
   1.80411488430844e-03
   3.60959553213819e-03
   5.41743769843778e-03
   7.22868201799567e-03
   9.04325536522186e-03
   1.08611552949129e-02
   1.26805158835253e-02
   1.44995404582288e-02
   1.63138275758737e-02
   1.81190316853842e-02
   1.99075138175408e-02
   2.16717181417962e-02
   2.34002462389091e-02
   2.50819506174953e-02
   2.67015650992430e-02
   2.82445245560653e-02
   2.96923020804021e-02
   3.10279480211891e-02
   3.22312636328193e-02
   3.32849877998269e-02
   3.41698568442322e-02
   3.48712465790097e-02
   3.53740419858830e-02
   3.56694071304713e-02
   3.57492889088214e-02
   3.56129347231553e-02
   3.52608841116920e-02
   3.47009646066886e-02
   3.39418119722234e-02
   3.29983038735916e-02
   3.18848778350825e-02
   3.06205500976980e-02
   2.92224101433156e-02
   2.77104025773211e-02
   2.61013236898296e-02
   2.44134455242374e-02
   2.26612041594314e-02
   2.08596199805404e-02
   1.90197460130648e-02
   1.71527591944413e-02
   1.52661718853806e-02
   1.33674487140374e-02
   1.14609677738059e-02
   9.55103643098698e-03
   7.63959653925582e-03
   5.72854679864587e-03
   3.81819903704782e-03
   1.90884929389304e-03
   2.25312060245138e-03
   4.50815112346854e-03
   6.76703262883753e-03
   9.03078826215902e-03
   1.13005193821882e-02
   1.35754786305761e-02
   1.58550045595056e-02
   1.81356432206734e-02
   2.04139912432201e-02
   2.26829242901343e-02
   2.49353249760206e-02
   2.71595178377077e-02
   2.93438756248992e-02
   3.14716089834531e-02
   3.35262670296709e-02
   3.54860741807015e-02
   3.73303500797295e-02
   3.90335986500092e-02
   4.05728335615257e-02
   4.19215656886764e-02
   4.30578961365269e-02
   4.39583941681831e-02
   4.46066160646423e-02
   4.49866661963082e-02
   4.50916205499864e-02
   4.49164710124382e-02
   4.44659513211965e-02
   4.37467268313267e-02
   4.27744033954655e-02
   4.15651820258594e-02
   4.01421893815314e-02
   3.85270984846987e-02
   3.67460827416347e-02
   3.48219218421089e-02
   3.27797896792675e-02
   3.06401842345255e-02
   2.84245614034815e-02
   2.61492231266112e-02
   2.38306560241908e-02
   2.14803871682197e-02
   1.91098285055523e-02
   1.67260702130038e-02
   1.43360454422427e-02
   1.19432398881265e-02
   9.55103643098698e-03
   7.16034152275974e-03
   4.77201846173266e-03
   2.38544789633948e-03
   2.70021640202856e-03
   5.40334438975449e-03
   8.11175343128478e-03
   1.08278883151199e-02
   1.35525552707960e-02
   1.62866693028776e-02
   1.90283805032475e-02
   2.17759118158887e-02
   2.45235698861991e-02
   2.72656348386298e-02
   2.99913439586995e-02
   3.26898110526996e-02
   3.53441294395270e-02
   3.79373303192239e-02
   4.04458198552860e-02
   4.28464228730036e-02
   4.51094254078053e-02
   4.72067572563153e-02
   4.91049062745979e-02
   5.07742087039255e-02
   5.21817678450160e-02
   5.33015903157548e-02
   5.41073619081950e-02
   5.45828404971744e-02
   5.47140560823779e-02
   5.44991812310849e-02
   5.39397233293292e-02
   5.30493136378643e-02
   5.18438927524524e-02
   5.03494177730229e-02
   4.85915991804849e-02
   4.66029598333985e-02
   4.44129004964156e-02
   4.20545466460686e-02
   3.95557289506059e-02
   3.69457693001861e-02
   3.42476340933579e-02
   3.14845323063222e-02
   2.86732677888676e-02
   2.58303897175371e-02
   2.29666847556049e-02
   2.00926162855421e-02
   1.72139038940347e-02
   1.43360454422427e-02
   1.14609677738059e-02
   8.59049491782715e-03
   5.72408539078361e-03
   2.86116867601788e-03
   3.14469219052300e-03
   6.29325660223609e-03
   9.44961832802193e-03
   1.26164562962400e-02
   1.57965780984057e-02
   1.89902628068910e-02
   2.21979108843061e-02
   2.54160536534349e-02
   2.86412243112097e-02
   3.18647012194861e-02
   3.50775549837321e-02
   3.82642529748639e-02
   4.14088696935871e-02
   4.44877629986294e-02
   4.74769917328867e-02
   5.03443720482214e-02
   5.30582062719740e-02
   5.55790986928488e-02
   5.78700964930163e-02
   5.98885950074117e-02
   6.15978130805258e-02
   6.29588373416251e-02
   6.39429307004411e-02
   6.45232778018165e-02
   6.46871307040814e-02
   6.44264745001942e-02
   6.37489397986165e-02
   6.26669116383491e-02
   6.12067991230110e-02
   5.93969971332949e-02
   5.72759912609336e-02
   5.48802411719948e-02
   5.22519045644392e-02
   4.94276352951440e-02
   4.64463683437073e-02
   4.33395299222550e-02
   4.01388394691408e-02
   3.68680042164521e-02
   3.35502151615345e-02
   3.02012191574561e-02
   2.68361378172820e-02
   2.34638062795251e-02
   2.00926162855421e-02
   1.67260702130038e-02
   1.33674487140374e-02
   1.00165849839594e-02
   6.67324149096247e-03
   3.33514141694841e-03
   3.58529575782737e-03
   7.17604435216326e-03
   1.07770069823269e-02
   1.43930750991582e-02
   1.80270380196958e-02
   2.16818674887028e-02
   2.53569465736511e-02
   2.90517496205459e-02
   3.27605724857186e-02
   3.64775378404746e-02
   4.01899217818788e-02
   4.38844366716478e-02
   4.75393333613280e-02
   5.11319740553903e-02
   5.46300120294100e-02
   5.80003668808682e-02
   6.11999289390205e-02
   6.41861461956556e-02
   6.69077859972068e-02
   6.93173060763239e-02
   7.13620521280505e-02
   7.29982096468017e-02
   7.41822457501279e-02
   7.48854684450769e-02
   7.50847144319371e-02
   7.47758838142918e-02
   7.39626497265934e-02
   7.26677239479223e-02
   7.09193949679475e-02
   6.87607185016860e-02
   6.62351275579596e-02
   6.33947742399221e-02
   6.02868412942023e-02
   5.69620373167342e-02
   5.34625792068241e-02
   4.98310378791254e-02
   4.61001896444981e-02
   4.23018408803661e-02
   3.84583694833621e-02
   3.45910045221605e-02
   3.07128410765419e-02
   2.68361378172820e-02
   2.29666847556049e-02
   1.91098285055523e-02
   1.52661718853806e-02
   1.14361606881496e-02
   7.61715417215848e-03
   3.80649263794045e-03
   4.02082776530690e-03
   8.04861806626273e-03
   1.20904277199828e-02
   1.61517990983702e-02
   2.02385065785289e-02
   2.43532225545734e-02
   2.84988403149868e-02
   3.26734257693789e-02
   3.68750246190899e-02
   4.10949558748150e-02
   4.53240152117413e-02
   4.95442385685205e-02
   5.37364583990608e-02
   5.78707878321938e-02
   6.19155962850866e-02
   6.58271545068208e-02
   6.95602725670101e-02
   7.30577711535462e-02
   7.62631800750364e-02
   7.91107911726268e-02
   8.15406815510694e-02
   8.34897033674035e-02
   8.49082977776963e-02
   8.57516357964259e-02
   8.59963227967182e-02
   8.56296965984424e-02
   8.46639261740897e-02
   8.31219394587992e-02
   8.10480434580398e-02
   7.84913543475421e-02
   7.55144680377176e-02
   7.21768869355318e-02
   6.85437381563306e-02
   6.46710934707664e-02
   6.06155261140439e-02
   5.64218527429244e-02
   5.21331804981262e-02
   4.77808001771522e-02
   4.33939768554104e-02
   3.89915883712820e-02
   3.45910045221605e-02
   3.02012191574561e-02
   2.58303897175371e-02
   2.14803871682197e-02
   1.71527591944413e-02
   1.28447317110999e-02
   8.55348290046296e-03
   4.27367496265490e-03
   4.44939723713750e-03
   8.90801842229496e-03
   1.33842867329715e-02
   1.78868650951427e-02
   2.24219666414762e-02
   2.69961584879167e-02
   3.16117663623438e-02
   3.62713349653166e-02
   4.09711443464469e-02
   4.57072027583331e-02
   5.04669446217508e-02
   5.52366464416148e-02
   5.99914738342010e-02
   6.47042949912434e-02
   6.93344307719217e-02
   7.38380397220594e-02
   7.81562356686528e-02
   8.22275353391617e-02
   8.59763719767657e-02
   8.93283393553908e-02
   9.22001795361969e-02
   9.45181555269655e-02
   9.62096061968281e-02
   9.72230666267825e-02
   9.75192443600675e-02
   9.70892389207610e-02
   9.59414189125237e-02
   9.41145142872497e-02
   9.16594850578705e-02
   8.86483962335320e-02
   8.51545033098368e-02
   8.12604330057398e-02
   7.70401309248219e-02
   7.25684985320136e-02
   6.79065790356607e-02
   6.31125641520422e-02
   5.82298794279301e-02
   5.32984911577944e-02
   4.83451493898451e-02
   4.33939768554104e-02
   3.84583694833621e-02
   3.35502151615345e-02
   2.86732677888676e-02
   2.38306560241908e-02
   1.90197460130648e-02
   1.42377887757894e-02
   9.47837075593854e-03
   4.73514820398722e-03
   4.86920747869404e-03
   9.74977165280811e-03
   1.46532222176849e-02
   1.95894079077528e-02
   2.45686219681973e-02
   2.95976783932735e-02
   3.46838787597678e-02
   3.98290033830966e-02
   4.50349719653263e-02
   5.02957661903197e-02
   5.56046158732375e-02
   6.09439287419868e-02
   6.62938649799578e-02
   7.16204875266572e-02
   7.68857410798233e-02
   8.20343379408421e-02
   8.70055258747530e-02
   9.17197625576819e-02
   9.60932402137370e-02
   1.00026014735974e-01
   1.03420613266725e-01
   1.06173133007434e-01
   1.08196124777740e-01
   1.09411780153808e-01
   1.09775598834419e-01
   1.09266595812011e-01
   1.07905156782121e-01
   1.05735213719806e-01
   1.02833939965497e-01
   9.92882422188787e-02
   9.52013486914262e-02
   9.06702108527686e-02
   8.57940568376047e-02
   8.06561906968055e-02
   7.53353984255441e-02
   6.98919454016533e-02
   6.43803281095306e-02
   5.88381356362502e-02
   5.32984911577944e-02
   4.77808001771522e-02
   4.23018408803661e-02
   3.68680042164521e-02
   3.14845323063222e-02
   2.61492231266112e-02
   2.08596199805404e-02
   1.56083066230542e-02
   1.03879907208923e-02
   5.18854709735542e-03
   5.27766102483056e-03
   1.05696437382553e-02
   1.58894225772071e-02
   2.12509163366366e-02
   2.66654349302867e-02
   3.21450043462478e-02
   3.76970669003574e-02
   4.33296853983975e-02
   4.90439739414418e-02
   5.48409759518158e-02
   6.07118239388928e-02
   6.66460564935162e-02
   7.26195698169862e-02
   7.86041951164208e-02
   8.45537080798722e-02
   9.04147674750781e-02
   9.61117673318350e-02
   1.01559937142284e-01
   1.06650811584527e-01
   1.11269402369760e-01
   1.15283125787296e-01
   1.18565398900257e-01
   1.20989979752888e-01
   1.22460187573929e-01
   1.22904775011788e-01
   1.22304213649438e-01
   1.20677398684145e-01
   1.18094908037807e-01
   1.14652818865432e-01
   1.10476661585091e-01
   1.05692438384221e-01
   1.00431974739441e-01
   9.48096948760229e-02
   8.89332566689363e-02
   8.28868785680568e-02
   7.67453105343920e-02
   7.05613519722886e-02
   6.43803281095306e-02
   5.82298794279302e-02
   5.21331804981262e-02
   4.61001896444981e-02
   4.01388394691408e-02
   3.42476340933579e-02
   2.84245614034815e-02
   2.26612041594314e-02
   1.69493298007174e-02
   1.12767384072208e-02
   5.63155315018021e-03
   5.67233341001927e-03
   1.13617196981754e-02
   1.70855207244794e-02
   2.28593999312998e-02
   2.86998554804143e-02
   3.46198371610738e-02
   4.06333595619124e-02
   4.67486973686942e-02
   5.29748648694481e-02
   5.93123397366089e-02
   6.57611162442247e-02
   7.23089034761988e-02
   7.89404080813059e-02
   8.56230150421675e-02
   9.23170481038481e-02
   9.89592565477629e-02
   1.05474318731474e-01
   1.11757407095093e-01
   1.17688584134183e-01
   1.23117657371244e-01
   1.27885313758158e-01
   1.31815357053409e-01
   1.34746605475036e-01
   1.36534215377232e-01
   1.37087532385318e-01
   1.36368085089808e-01
   1.34413644883630e-01
   1.31314200881844e-01
   1.27213853952747e-01
   1.22273146871832e-01
   1.16667483254145e-01
   1.10555554844753e-01
   1.04086705965161e-01
   9.73802625348600e-02
   9.05401448538349e-02
   8.36410661955693e-02
   7.67453105343920e-02
   6.98919454016533e-02
   6.31125641520422e-02
   5.64218527429245e-02
   4.98310378791254e-02
   4.33395299222551e-02
   3.69457693001861e-02
   3.06401842345255e-02
   2.44134455242375e-02
   1.82510700131633e-02
   1.21391588511558e-02
   6.06092709614462e-03
   6.04995291707112e-03
   1.21205289094910e-02
   1.82315406912354e-02
   2.44035843143559e-02
   3.06547498989968e-02
   3.70044981401404e-02
   4.34678368175244e-02
   5.00612849704523e-02
   5.67944484310474e-02
   6.36777713173215e-02
   7.07113978251981e-02
   7.78942784729510e-02
   8.52101439898710e-02
   9.26374276621753e-02
   1.00132212745590e-01
   1.07638568841172e-01
   1.15068843951205e-01
   1.22314997448354e-01
   1.29228460485870e-01
   1.35635935625942e-01
   1.41325114820683e-01
   1.46072972496848e-01
   1.49646869716615e-01
   1.51851508986198e-01
   1.52543054062445e-01
   1.51675885512724e-01
   1.49294894878724e-01
   1.45543149154166e-01
   1.40615249191881e-01
   1.34743013906930e-01
   1.28148792915775e-01
   1.21044014996742e-01
   1.13601311605009e-01
   1.05968305891815e-01
   9.82523721168534e-02
   9.05401448538349e-02
   8.28868785680568e-02
   7.53353984255441e-02
   6.79065790356607e-02
   6.06155261140439e-02
   5.34625792068241e-02
   4.64463683437073e-02
   3.95557289506059e-02
   3.27797896792675e-02
   2.61013236898296e-02
   1.95040620562794e-02
   1.29678998880944e-02
   6.47357159171881e-03
   6.40755681034108e-03
   1.28389023314823e-02
   1.93183412276428e-02
   2.58686467358915e-02
   3.25140492642587e-02
   3.92755686829667e-02
   4.61763183404444e-02
   5.32341572645432e-02
   6.04690449070139e-02
   6.78928992764314e-02
   7.55185712797824e-02
   8.33466686005360e-02
   9.13754805190080e-02
   9.95843388710726e-02
   1.07943582671935e-01
   1.16393962120128e-01
   1.24855896920910e-01
   1.33205278261247e-01
   1.41283222689188e-01
   1.48872509825970e-01
   1.55715481073110e-01
   1.61504548396685e-01
   1.65925829518823e-01
   1.68681896788501e-01
   1.69566765951044e-01
   1.68497508019919e-01
   1.65556259919252e-01
   1.60948251664215e-01
   1.54970069385684e-01
   1.47934866648234e-01
   1.40149329559369e-01
   1.31870400621430e-01
   1.23314327675645e-01
   1.14639277310538e-01
   1.05968305891815e-01
   9.73802625348600e-02
   8.89332566689363e-02
   8.06561906968056e-02
   7.25684985320137e-02
   6.46710934707664e-02
   5.69620373167342e-02
   4.94276352951441e-02
   4.20545466460686e-02
   3.48219218421089e-02
   2.77104025773211e-02
   2.06959546340304e-02
   1.37560195475006e-02
   6.86545938263620e-03
   6.74137199281092e-03
   1.35104542608324e-02
   2.03342751519618e-02
   2.72411350195166e-02
   3.42572317391797e-02
   4.14111414467418e-02
   4.87277105967432e-02
   5.62348615953368e-02
   6.39546746560334e-02
   7.19121585159903e-02
   8.01233194169640e-02
   8.86052635296024e-02
   9.73607706145524e-02
   1.06388640905643e-01
   1.15663816950947e-01
   1.25146305516656e-01
   1.34755503351059e-01
   1.44376090998826e-01
   1.53826642183664e-01
   1.62864935135247e-01
   1.71159751249100e-01
   1.78313729360550e-01
   1.83870003173491e-01
   1.87393423980201e-01
   1.88544604933313e-01
   1.87201021163446e-01
   1.83484385114151e-01
   1.77733225282386e-01
   1.70381910038406e-01
   1.61886388214609e-01
   1.52643258052037e-01
   1.42982748840439e-01
   1.33146321165603e-01
   1.23314327675645e-01
   1.13601311605009e-01
   1.04086705965161e-01
   9.48096948760229e-02
   8.57940568376047e-02
   7.70401309248219e-02
   6.85437381563306e-02
   6.02868412942023e-02
   5.22519045644392e-02
   4.44129004964156e-02
   3.67460827416347e-02
   2.92224101433156e-02
   2.18152357475706e-02
   1.44947642852411e-02
   7.23288367720410e-03
   7.04814132053768e-03
   1.41272675670746e-02
   2.12691524523989e-02
   2.85043864510335e-02
   3.58658689633078e-02
   4.33840547680777e-02
   5.10930204742065e-02
   5.90229038640273e-02
   6.72082909325743e-02
   7.56777407145325e-02
   8.44640066396216e-02
   9.35902954863572e-02
   1.03081374398522e-01
   1.12945637185998e-01
   1.23185244154207e-01
   1.33771939644491e-01
   1.44652914310067e-01
   1.55716940199335e-01
   1.66792052186165e-01
   1.77600837282253e-01
   1.87754969835719e-01
   1.96720614622923e-01
   2.03857352366523e-01
   2.08477191025499e-01
   2.10027573800264e-01
   2.08277586586403e-01
   2.03457271686673e-01
   1.96118354312772e-01
   1.86947899196283e-01
   1.76585518119760e-01
   1.65564048599246e-01
   1.54271015522686e-01
   1.42982748840439e-01
   1.31870400621430e-01
   1.21044014996742e-01
   1.10555554844753e-01
   1.00431974739441e-01
   9.06702108527686e-02
   8.12604330057398e-02
   7.21768869355318e-02
   6.33947742399221e-02
   5.48802411719948e-02
   4.66029598333985e-02
   3.85270984846987e-02
   3.06205500976980e-02
   2.28478139276952e-02
   1.51762443530244e-02
   7.57131104093905e-03
   7.32392572226522e-03
   1.46826971244739e-02
   2.21106806395258e-02
   2.96441165750098e-02
   3.73178028949401e-02
   4.51702229332664e-02
   5.32374126679778e-02
   6.15607184930253e-02
   7.01778444957042e-02
   7.91329374766706e-02
   8.84646709406326e-02
   9.82180171671236e-02
   1.08428794307180e-01
   1.19135695347186e-01
   1.30359582835393e-01
   1.42112488910592e-01
   1.54367274045384e-01
   1.67056534903978e-01
   1.80023789079407e-01
   1.93001699432523e-01
   2.05538676188601e-01
   2.16967021004284e-01
   2.26361600644178e-01
   2.32641160364626e-01
   2.34810912655843e-01
   2.32435181983797e-01
   2.25948760733365e-01
   2.16345503520585e-01
   2.04705814314192e-01
   1.91953826925526e-01
   1.78756402702502e-01
   1.65564048599246e-01
   1.52643258052037e-01
   1.40149329559369e-01
   1.28148792915775e-01
   1.16667483254145e-01
   1.05692438384221e-01
   9.52013486914262e-02
   8.51545033098368e-02
   7.55144680377176e-02
   6.62351275579596e-02
   5.72759912609336e-02
   4.85915991804849e-02
   4.01421893815314e-02
   3.18848778350825e-02
   2.37812808955503e-02
   1.57910881582224e-02
   7.87680503209362e-03
   7.56557491318070e-03
   1.51689145690300e-02
   2.28488761487007e-02
   3.06435963145396e-02
   3.85944973207379e-02
   4.67416214020700e-02
   5.51305000837165e-02
   6.38047129443919e-02
   7.28154804969046e-02
   8.22114937558131e-02
   9.20509106752105e-02
   1.02388307934324e-01
   1.13288299269226e-01
   1.24808767060172e-01
   1.37013997856924e-01
   1.49951159117101e-01
   1.63656989626898e-01
   1.78118136291784e-01
   1.93255276579731e-01
   2.08843495179833e-01
   2.24441825607211e-01
   2.39247192561434e-01
   2.51991906792094e-01
   2.60914937132981e-01
   2.64150818009577e-01
   2.60703467959577e-01
   2.51568032869554e-01
   2.38609084722009e-01
   2.23586658579866e-01
   2.07767572565648e-01
   1.91953826925526e-01
   1.76585518119760e-01
   1.61886388214609e-01
   1.47934866648234e-01
   1.34743013906930e-01
   1.22273146871832e-01
   1.10476661585091e-01
   9.92882422188787e-02
   8.86483962335320e-02
   7.84913543475421e-02
   6.87607185016861e-02
   5.93969971332949e-02
   5.03494177730229e-02
   4.15651820258594e-02
   3.29983038735916e-02
   2.46013436612009e-02
   1.63314404497645e-02
   8.14482092921308e-03
   7.76945936142757e-03
   1.55799654107513e-02
   2.34723130717075e-02
   3.14897819613265e-02
   3.96749686714017e-02
   4.80755360483080e-02
   5.67382533204261e-02
   6.57177373911627e-02
   7.50678707917092e-02
   8.48534532774447e-02
   9.51391700700719e-02
   1.06003921982753e-01
   1.17527327775229e-01
   1.29805973583400e-01
   1.42936482415029e-01
   1.57030892254761e-01
   1.72191389053321e-01
   1.88514150806780e-01
   2.06035685767901e-01
   2.24686089546810e-01
   2.44137938498978e-01
   2.63599251840789e-01
   2.81443896829780e-01
   2.94887238440053e-01
   3.00173954289905e-01
   2.94671167347678e-01
   2.81010818063263e-01
   2.62947239575157e-01
   2.43264162717612e-01
   2.23586658579866e-01
   2.04705814314192e-01
   1.86947899196283e-01
   1.70381910038406e-01
   1.54970069385684e-01
   1.40615249191881e-01
   1.27213853952747e-01
   1.14652818865432e-01
   1.02833939965497e-01
   9.16594850578705e-02
   8.10480434580398e-02
   7.09193949679475e-02
   6.12067991230110e-02
   5.18438927524524e-02
   4.27744033954655e-02
   3.39418119722234e-02
   2.52965250488396e-02
   1.67885090504215e-02
   8.37176743411636e-03
   7.93304197329685e-03
   1.59091746408402e-02
   2.39728510911821e-02
   3.21682497876573e-02
   4.05437226664433e-02
   4.91473007993342e-02
   5.80342839090892e-02
   6.72601125081236e-02
   7.68911541726614e-02
   8.69952784921848e-02
   9.76559304059715e-02
   1.08960882151386e-01
   1.21019722482314e-01
   1.33951317083168e-01
   1.47904601031568e-01
   1.63044538433590e-01
   1.79573830883070e-01
   1.97711392114114e-01
   2.17698136548174e-01
   2.39727238740527e-01
   2.63835921319184e-01
   2.89567979472965e-01
   3.15308762366721e-01
   3.37016165507543e-01
   3.46998213272920e-01
   3.36796429077965e-01
   3.14868309362222e-01
   2.88904892797742e-01
   2.62947239575157e-01
   2.38609084722009e-01
   2.16345503520585e-01
   1.96118354312772e-01
   1.77733225282386e-01
   1.60948251664215e-01
   1.45543149154166e-01
   1.31314200881844e-01
   1.18094908037807e-01
   1.05735213719806e-01
   9.41145142872497e-02
   8.31219394587992e-02
   7.26677239479223e-02
   6.26669116383491e-02
   5.30493136378643e-02
   4.37467268313267e-02
   3.47009646066886e-02
   2.58544355115124e-02
   1.71557899938099e-02
   8.55373975683081e-03
   8.05353389091961e-03
   1.61523519431415e-02
   2.43416668645235e-02
   3.26696423191321e-02
   4.11843714073798e-02
   4.99400972557124e-02
   5.89914690084730e-02
   6.84030761919826e-02
   7.82413548986280e-02
   8.85876474395174e-02
   9.95283909102438e-02
   1.11172178652572e-01
   1.23639362919474e-01
   1.37084214699822e-01
   1.51686066194485e-01
   1.67678939806208e-01
   1.85348003931253e-01
   2.05070261233775e-01
   2.27318229570153e-01
   2.52700141826795e-01
   2.81910528564265e-01
   3.15539653803393e-01
   3.53207007656593e-01
   3.90882264905933e-01
   4.14006304216268e-01
   3.90659794768156e-01
   3.52761097509916e-01
   3.14868309362222e-01
   2.81010818063263e-01
   2.51568032869554e-01
   2.25948760733365e-01
   2.03457271686673e-01
   1.83484385114151e-01
   1.65556259919252e-01
   1.49294894878724e-01
   1.34413644883630e-01
   1.20677398684145e-01
   1.07905156782121e-01
   9.59414189125237e-02
   8.46639261740897e-02
   7.39626497265934e-02
   6.37489397986165e-02
   5.39397233293291e-02
   4.44659513211965e-02
   3.52608841116920e-02
   2.62667225348372e-02
   1.74264756564748e-02
   8.68815912530158e-03
   8.12950865041476e-03
   1.63050323762827e-02
   2.45741105210380e-02
   3.29842812169677e-02
   4.15877956451936e-02
   5.04372478076626e-02
   5.95936128391731e-02
   6.91193683527059e-02
   7.90900725759206e-02
   8.95855654570129e-02
   1.00705567324155e-01
   1.12560078629185e-01
   1.25290198006216e-01
   1.39060112602162e-01
   1.54086327876835e-01
   1.70637150665505e-01
   1.89079597697859e-01
   2.09903419319581e-01
   2.33815613554008e-01
   2.61844570432236e-01
   2.95578068704919e-01
   3.37473099519748e-01
   3.91109265822183e-01
   4.59299582243326e-01
   5.27496909401250e-01
   4.59075348268477e-01
   3.90659794768156e-01
   3.36796429077965e-01
   2.94671167347678e-01
   2.60703467959577e-01
   2.32435181983797e-01
   2.08277586586402e-01
   1.87201021163446e-01
   1.68497508019919e-01
   1.51675885512724e-01
   1.36368085089808e-01
   1.22304213649438e-01
   1.09266595812011e-01
   9.70892389207610e-02
   8.56296965984424e-02
   7.47758838142918e-02
   6.44264745001942e-02
   5.44991812310849e-02
   4.49164710124382e-02
   3.56129347231553e-02
   2.65250948596697e-02
   1.75967619115364e-02
   8.77242108790067e-03
   8.15946833445676e-03
   1.63657019544942e-02
   2.46654616263780e-02
   3.31086381672385e-02
   4.17452821487644e-02
   5.06320152257055e-02
   5.98263661878511e-02
   6.93966351168999e-02
   7.94140015953358e-02
   8.99661941260492e-02
   1.01148234300178e-01
   1.13080767957489e-01
   1.25901237874044e-01
   1.39789147158348e-01
   1.54961982045187e-01
   1.71714059569881e-01
   1.90429816875098e-01
   2.11659242553254e-01
   2.36196234894064e-01
   2.65296029641989e-01
   3.01084076303428e-01
   3.47677325978062e-01
   4.14457373869065e-01
   5.27721953642741e-01
   7.77606402876932e-01
   5.27496909401250e-01
   4.14006304216268e-01
   3.46998213272921e-01
   3.00173954289905e-01
   2.64150818009577e-01
   2.34810912655843e-01
   2.10027573800264e-01
   1.88544604933312e-01
   1.69566765951044e-01
   1.52543054062445e-01
   1.37087532385318e-01
   1.22904775011788e-01
   1.09775598834419e-01
   9.75192443600675e-02
   8.59963227967182e-02
   7.50847144319371e-02
   6.46871307040814e-02
   5.47140560823779e-02
   4.50916205499864e-02
   3.57492889088214e-02
   2.66262678103660e-02
   1.76630560421003e-02
   8.80553672866682e-03
   8.14343929341049e-03
   1.63328454808592e-02
   2.46157127941765e-02
   3.30395276768438e-02
   4.16564988184576e-02
   5.05191647585438e-02
   5.96884604540531e-02
   6.92268043317070e-02
   7.92097167255331e-02
   8.97169751516704e-02
   1.00848264670752e-01
   1.12713521026548e-01
   1.25453810964997e-01
   1.39233256111999e-01
   1.54268334558255e-01
   1.70827288693732e-01
   1.89277113830781e-01
   2.10107499124272e-01
   2.34025428702486e-01
   2.62059236938230e-01
   2.95796697718555e-01
   3.37694754220007e-01
   3.91333014788996e-01
   4.59524455581642e-01
   5.27721953642741e-01
   4.59299582243326e-01
   3.90882264905933e-01
   3.37016165507543e-01
   2.94887238440053e-01
   2.60914937132981e-01
   2.32641160364626e-01
   2.08477191025499e-01
   1.87393423980201e-01
   1.68681896788501e-01
   1.51851508986198e-01
   1.36534215377232e-01
   1.22460187573929e-01
   1.09411780153808e-01
   9.72230666267825e-02
   8.57516357964259e-02
   7.48854684450768e-02
   6.45232778018165e-02
   5.45828404971744e-02
   4.49866661963082e-02
   3.56694071304713e-02
   2.65676314308724e-02
   1.76252077338394e-02
   8.78666978466635e-03
   8.08144335832599e-03
   1.62080778087802e-02
   2.44250163926249e-02
   3.27803353346879e-02
   4.13220206896783e-02
   5.01042329452909e-02
   5.91815065381107e-02
   6.86183527628298e-02
   7.84810858234193e-02
   8.88509744854743e-02
   9.98143282046140e-02
   1.11479672555698e-01
   1.23967228847398e-01
   1.37431208005132e-01
   1.52050811382103e-01
   1.68060011659241e-01
   1.85743850630023e-01
   2.05479294675195e-01
   2.27738743853380e-01
   2.53130411395153e-01
   2.82348723412555e-01
   3.15983943749597e-01
   3.53655475485271e-01
   3.91333014788997e-01
   4.14457373869065e-01
   3.91109265822183e-01
   3.53207007656593e-01
   3.15308762366721e-01
   2.81443896829780e-01
   2.51991906792094e-01
   2.26361600644178e-01
   2.03857352366523e-01
   1.83870003173491e-01
   1.65925829518823e-01
   1.49646869716615e-01
   1.34746605475036e-01
   1.20989979752888e-01
   1.08196124777739e-01
   9.62096061968280e-02
   8.49082977776963e-02
   7.41822457501279e-02
   6.39429307004411e-02
   5.41073619081950e-02
   4.46066160646423e-02
   3.53740419858830e-02
   2.63519601030536e-02
   1.74834736777186e-02
   8.71671127852232e-03
   7.97502969778758e-03
   1.59930060033106e-02
   2.40982470352737e-02
   3.23347765796047e-02
   4.07508192140530e-02
   4.93942397948308e-02
   5.83202172460910e-02
   6.75840143580822e-02
   7.72518842885644e-02
   8.73915087621936e-02
   9.80862256706999e-02
   1.09423612144233e-01
   1.21513159552399e-01
   1.34473535679027e-01
   1.48453591403336e-01
   1.63618095931105e-01
   1.80169684309761e-01
   1.98327085093106e-01
   2.18331168733872e-01
   2.40374941376447e-01
   2.64495609016774e-01
   2.90236821880556e-01
   3.15983943749597e-01
   3.37694754220007e-01
   3.47677325978062e-01
   3.37473099519748e-01
   3.15539653803393e-01
   2.89567979472965e-01
   2.63599251840789e-01
   2.39247192561434e-01
   2.16967021004284e-01
   1.96720614622923e-01
   1.78313729360550e-01
   1.61504548396685e-01
   1.46072972496848e-01
   1.31815357053409e-01
   1.18565398900257e-01
   1.06173133007434e-01
   9.45181555269655e-02
   8.34897033674034e-02
   7.29982096468017e-02
   6.29588373416251e-02
   5.33015903157548e-02
   4.39583941681831e-02
   3.48712465790096e-02
   2.59826933177403e-02
   1.72415592366003e-02
   8.59670165170437e-03
   7.82566942951377e-03
   1.56922003125942e-02
   2.36401891655546e-02
   3.17127412824972e-02
   3.99522397920984e-02
   4.84061821728614e-02
   5.71211082933404e-02
   6.61514776253243e-02
   7.55509282105624e-02
   8.53841107340518e-02
   9.57154535717594e-02
   1.06623719006394e-01
   1.18188261538938e-01
   1.30505543300979e-01
   1.43671922621108e-01
   1.57799333559791e-01
   1.72989705584810e-01
   1.89339139435869e-01
   2.06883904612554e-01
   2.25554052977021e-01
   2.45021949397537e-01
   2.64495609016774e-01
   2.82348723412555e-01
   2.95796697718555e-01
   3.01084076303428e-01
   2.95578068704919e-01
   2.81910528564265e-01
   2.63835921319184e-01
   2.44137938498978e-01
   2.24441825607211e-01
   2.05538676188601e-01
   1.87754969835719e-01
   1.71159751249100e-01
   1.55715481073110e-01
   1.41325114820683e-01
   1.27885313758158e-01
   1.15283125787296e-01
   1.03420613266725e-01
   9.22001795361968e-02
   8.15406815510694e-02
   7.13620521280505e-02
   6.15978130805258e-02
   5.21817678450160e-02
   4.30578961365269e-02
   3.41698568442322e-02
   2.54682958736975e-02
   1.69033682992379e-02
   8.42930313076379e-03
   7.63620518197152e-03
   1.53099366519980e-02
   2.30598280180747e-02
   3.09237595927311e-02
   3.89429418912486e-02
   4.71571408111759e-02
   5.56116857613934e-02
   6.43498596393124e-02
   7.34226898445586e-02
   8.28785523916920e-02
   9.27754226483946e-02
   1.03167548770647e-01
   1.14119376359784e-01
   1.25688453364843e-01
   1.37938918874831e-01
   1.50917610102142e-01
   1.64661147067810e-01
   1.79155862453008e-01
   1.94322352608852e-01
   2.09935416521545e-01
   2.25554052977021e-01
   2.40374941376447e-01
   2.53130411395153e-01
   2.62059236938230e-01
   2.65296029641989e-01
   2.61844570432236e-01
   2.52700141826795e-01
   2.39727238740527e-01
   2.24686089546810e-01
   2.08843495179833e-01
   1.93001699432523e-01
   1.77600837282253e-01
   1.62864935135247e-01
   1.48872509825970e-01
   1.35635935625942e-01
   1.23117657371244e-01
   1.11269402369760e-01
   1.00026014735974e-01
   8.93283393553907e-02
   7.91107911726267e-02
   6.93173060763239e-02
   5.98885950074117e-02
   5.07742087039255e-02
   4.19215656886764e-02
   3.32849877998269e-02
   2.48172650335796e-02
   1.64758268758229e-02
   8.21714257211291e-03
   7.40921464637430e-03
   1.48529997142781e-02
   2.23654266620149e-02
   2.99824760087314e-02
   3.77386273689891e-02
   4.56721160437284e-02
   5.38186343017447e-02
   6.22192901167571e-02
   7.09114191366677e-02
   7.99389396310927e-02
   8.93401358594801e-02
   9.91597646946591e-02
   1.09433241764708e-01
   1.20199064095074e-01
   1.31477689411229e-01
   1.43280982385893e-01
   1.55581410131281e-01
   1.68311441255941e-01
   1.81314226848301e-01
   1.94322352608852e-01
   2.06883904612554e-01
   2.18331168733872e-01
   2.27738743853380e-01
   2.34025428702486e-01
   2.36196234894064e-01
   2.33815613554008e-01
   2.27318229570153e-01
   2.17698136548174e-01
   2.06035685767901e-01
   1.93255276579731e-01
   1.80023789079407e-01
   1.66792052186165e-01
   1.53826642183664e-01
   1.41283222689188e-01
   1.29228460485870e-01
   1.17688584134183e-01
   1.06650811584527e-01
   9.60932402137370e-02
   8.59763719767657e-02
   7.62631800750364e-02
   6.69077859972068e-02
   5.78700964930163e-02
   4.91049062745979e-02
   4.05728335615257e-02
   3.22312636328193e-02
   2.40421719965715e-02
   1.59655315983613e-02
   7.96418516304664e-03
   7.14838283369319e-03
   1.43274208967253e-02
   2.15685783687758e-02
   2.89020904111906e-02
   3.63605615933004e-02
   4.39740616930037e-02
   5.17763830670351e-02
   5.97972473893035e-02
   6.80709653849203e-02
   7.66256511365312e-02
   8.54937936080101e-02
   9.46981323838017e-02
   1.04263186642305e-01
   1.14196871839518e-01
   1.24501126284728e-01
   1.35147219898919e-01
   1.46082159817058e-01
   1.57194265591173e-01
   1.68311441255941e-01
   1.79155862453008e-01
   1.89339139435869e-01
   1.98327085093106e-01
   2.05479294675195e-01
   2.10107499124272e-01
   2.11659242553254e-01
   2.09903419319581e-01
   2.05070261233775e-01
   1.97711392114114e-01
   1.88514150806780e-01
   1.78118136291784e-01
   1.67056534903978e-01
   1.55716940199335e-01
   1.44376090998826e-01
   1.33205278261247e-01
   1.22314997448354e-01
   1.11757407095093e-01
   1.01559937142284e-01
   9.17197625576819e-02
   8.22275353391617e-02
   7.30577711535462e-02
   6.41861461956556e-02
   5.55790986928488e-02
   4.72067572563153e-02
   3.90335986500092e-02
   3.10279480211891e-02
   2.31546277215257e-02
   1.53813977315051e-02
   7.67406648171241e-03
   6.85689579167313e-03
   1.37411406571503e-02
   2.06793755051725e-02
   2.76995583665629e-02
   3.48274669000181e-02
   4.20913472855567e-02
   4.95155888840884e-02
   5.71277924093011e-02
   6.49495438771788e-02
   7.30055382045992e-02
   8.13112550522274e-02
   8.98834988398010e-02
   9.87245005811916e-02
   1.07832779892417e-01
   1.17182723989244e-01
   1.26734093624848e-01
   1.36405743646858e-01
   1.46082159817058e-01
   1.55581410131281e-01
   1.64661147067810e-01
   1.72989705584810e-01
   1.80169684309761e-01
   1.85743850630023e-01
   1.89277113830781e-01
   1.90429816875098e-01
   1.89079597697859e-01
   1.85348003931253e-01
   1.79573830883070e-01
   1.72191389053321e-01
   1.63656989626898e-01
   1.54367274045384e-01
   1.44652914310067e-01
   1.34755503351059e-01
   1.24855896920910e-01
   1.15068843951205e-01
   1.05474318731474e-01
   9.61117673318350e-02
   8.70055258747530e-02
   7.81562356686528e-02
   6.95602725670101e-02
   6.11999289390205e-02
   5.30582062719740e-02
   4.51094254078053e-02
   3.73303500797295e-02
   2.96923020804021e-02
   2.21691129475658e-02
   1.47313651244208e-02
   7.35139352495383e-03
   6.53874851825472e-03
   1.31008704350304e-02
   1.97102798455850e-02
   2.63893006498703e-02
   3.31617882031608e-02
   4.00482716651165e-02
   4.70714976301108e-02
   5.42487894866337e-02
   6.15997447816330e-02
   6.91357027524593e-02
   7.68691589434479e-02
   8.48001073419833e-02
   9.29264960225181e-02
   1.01227023159713e-01
   1.09671714232155e-01
   1.18200686964370e-01
   1.26734093624848e-01
   1.35147219898919e-01
   1.43280982385893e-01
   1.50917610102142e-01
   1.57799333559791e-01
   1.63618095931105e-01
   1.68060011659241e-01
   1.70827288693732e-01
   1.71714059569881e-01
   1.70637150665505e-01
   1.67678939806208e-01
   1.63044538433590e-01
   1.57030892254761e-01
   1.49951159117101e-01
   1.42112488910592e-01
   1.33771939644491e-01
   1.25146305516656e-01
   1.16393962120128e-01
   1.07638568841172e-01
   9.89592565477629e-02
   9.04147674750780e-02
   8.20343379408421e-02
   7.38380397220594e-02
   6.58271545068208e-02
   5.80003668808682e-02
   5.03443720482214e-02
   4.28464228730036e-02
   3.54860741807015e-02
   2.82445245560653e-02
   2.10981568639146e-02
   1.40249312242223e-02
   7.00014249368209e-03
   6.19722784631532e-03
   1.24146387916752e-02
   1.86715727922665e-02
   2.49882065569836e-02
   3.13821135976383e-02
   3.78723450275462e-02
   4.44733404846048e-02
   5.12012118313375e-02
   5.80649430102604e-02
   6.50745714555978e-02
   7.22295706271215e-02
   7.95284897711635e-02
   8.69543530071845e-02
   9.44852100842907e-02
   1.02076422815291e-01
   1.09671714232155e-01
   1.17182723989244e-01
   1.24501126284728e-01
   1.31477689411229e-01
   1.37938918874831e-01
   1.43671922621108e-01
   1.48453591403336e-01
   1.52050811382103e-01
   1.54268334558255e-01
   1.54961982045187e-01
   1.54086327876835e-01
   1.51686066194485e-01
   1.47904601031568e-01
   1.42936482415029e-01
   1.37013997856924e-01
   1.30359582835393e-01
   1.23185244154207e-01
   1.15663816950947e-01
   1.07943582671935e-01
   1.00132212745590e-01
   9.23170481038481e-02
   8.45537080798722e-02
   7.68857410798233e-02
   6.93344307719217e-02
   6.19155962850866e-02
   5.46300120294100e-02
   4.74769917328867e-02
   4.04458198552860e-02
   3.35262670296709e-02
   2.67015650992430e-02
   1.99560411316013e-02
   1.32700604148716e-02
   6.62490966380581e-03
   5.83616130535966e-03
   1.16888840930883e-02
   1.75750672024773e-02
   2.35098391881591e-02
   2.95092486125904e-02
   3.55856543628252e-02
   4.17526227849397e-02
   4.80177743438511e-02
   5.43896697814019e-02
   6.08680694325501e-02
   6.74525095352047e-02
   7.41299281083647e-02
   8.08845788796099e-02
   8.76830413549740e-02
   9.44852100842907e-02
   1.01227023159713e-01
   1.07832779892417e-01
   1.14196871839518e-01
   1.20199064095075e-01
   1.25688453364843e-01
   1.30505543300979e-01
   1.34473535679027e-01
   1.37431208005132e-01
   1.39233256111999e-01
   1.39789147158348e-01
   1.39060112602162e-01
   1.37084214699822e-01
   1.33951317083168e-01
   1.29805973583400e-01
   1.24808767060172e-01
   1.19135695347186e-01
   1.12945637185998e-01
   1.06388640905643e-01
   9.95843388710726e-02
   9.26374276621753e-02
   8.56230150421675e-02
   7.86041951164207e-02
   7.16204875266572e-02
   6.47042949912434e-02
   5.78707878321938e-02
   5.11319740553903e-02
   4.44877629986294e-02
   3.79373303192239e-02
   3.14716089834531e-02
   2.50819506174953e-02
   1.87543821483760e-02
   1.24756315520312e-02
   6.22943574666956e-03
   5.45853328203501e-03
   1.09308814577973e-02
   1.64299727363955e-02
   2.19692392448141e-02
   2.75593873017392e-02
   3.32119588851032e-02
   3.89337219484777e-02
   4.47322454158190e-02
   5.06078923389460e-02
   5.65611975879428e-02
   6.25824699727824e-02
   6.86607299639081e-02
   7.47709930479164e-02
   8.08845788796099e-02
   8.69543530071845e-02
   9.29264960225182e-02
   9.87245005811916e-02
   1.04263186642305e-01
   1.09433241764708e-01
   1.14119376359784e-01
   1.18188261538938e-01
   1.21513159552399e-01
   1.23967228847398e-01
   1.25453810964997e-01
   1.25901237874044e-01
   1.25290198006216e-01
   1.23639362919474e-01
   1.21019722482314e-01
   1.17527327775229e-01
   1.13288299269226e-01
   1.08428794307180e-01
   1.03081374398522e-01
   9.73607706145524e-02
   9.13754805190080e-02
   8.52101439898710e-02
   7.89404080813059e-02
   7.26195698169862e-02
   6.62938649799578e-02
   5.99914738342010e-02
   5.37364583990608e-02
   4.75393333613280e-02
   4.14088696935871e-02
   3.53441294395270e-02
   2.93438756248992e-02
   2.34002462389091e-02
   1.75057177396300e-02
   1.16486478982077e-02
   5.81780924510566e-03
   5.06766551983290e-03
   1.01461357196703e-02
   1.52464190618006e-02
   2.03777577529625e-02
   2.55499311774951e-02
   3.07690719273708e-02
   3.60419556691146e-02
   4.13695930320010e-02
   4.67533538293512e-02
   5.21863586074928e-02
   5.76612619532293e-02
   6.31595287265688e-02
   6.86607299639081e-02
   7.41299281083647e-02
   7.95284897711635e-02
   8.48001073419834e-02
   8.98834988398010e-02
   9.46981323838017e-02
   9.91597646946591e-02
   1.03167548770647e-01
   1.06623719006394e-01
   1.09423612144233e-01
   1.11479672555698e-01
   1.12713521026548e-01
   1.13080767957489e-01
   1.12560078629185e-01
   1.11172178652572e-01
   1.08960882151386e-01
   1.06003921982753e-01
   1.02388307934324e-01
   9.82180171671236e-02
   9.35902954863572e-02
   8.86052635296024e-02
   8.33466686005360e-02
   7.78942784729510e-02
   7.23089034761988e-02
   6.66460564935162e-02
   6.09439287419868e-02
   5.52366464416148e-02
   4.95442385685205e-02
   4.38844366716478e-02
   3.82642529748639e-02
   3.26898110526995e-02
   2.71595178377077e-02
   2.16717181417962e-02
   1.62195946730272e-02
   1.07965810660807e-02
   5.39315333554542e-03
   4.66599307762627e-03
   9.34065563032542e-03
   1.40318100381743e-02
   1.87475813976338e-02
   2.34935077279078e-02
   2.82756077927084e-02
   3.30954357686087e-02
   3.79549569951205e-02
   4.28495713389648e-02
   4.77746668371488e-02
   5.27166905060730e-02
   5.76612619532293e-02
   6.25824699727824e-02
   6.74525095352047e-02
   7.22295706271216e-02
   7.68691589434479e-02
   8.13112550522274e-02
   8.54937936080101e-02
   8.93401358594801e-02
   9.27754226483946e-02
   9.57154535717594e-02
   9.80862256706999e-02
   9.98143282046140e-02
   1.00848264670752e-01
   1.01148234300178e-01
   1.00705567324155e-01
   9.95283909102438e-02
   9.76559304059715e-02
   9.51391700700719e-02
   9.20509106752105e-02
   8.84646709406326e-02
   8.44640066396216e-02
   8.01233194169640e-02
   7.55185712797824e-02
   7.07113978251981e-02
   6.57611162442247e-02
   6.07118239388928e-02
   5.56046158732375e-02
   5.04669446217507e-02
   4.53240152117413e-02
   4.01899217818788e-02
   3.50775549837321e-02
   2.99913439586995e-02
   2.49353249760206e-02
   1.99075138175408e-02
   1.49059744765246e-02
   9.92492835754246e-03
   4.95876356707788e-03
   4.25615479652011e-03
   8.51868368583077e-03
   1.27940867024527e-02
   1.70872500714904e-02
   2.14033875153687e-02
   2.57444157469462e-02
   3.01126332525352e-02
   3.45052278409077e-02
   3.89195959944205e-02
   4.33460468960645e-02
   4.77746668371488e-02
   5.21863586074928e-02
   5.65611975879428e-02
   6.08680694325501e-02
   6.50745714555978e-02
   6.91357027524593e-02
   7.30055382045992e-02
   7.66256511365312e-02
   7.99389396310927e-02
   8.28785523916920e-02
   8.53841107340519e-02
   8.73915087621936e-02
   8.88509744854743e-02
   8.97169751516704e-02
   8.99661941260492e-02
   8.95855654570129e-02
   8.85876474395174e-02
   8.69952784921848e-02
   8.48534532774448e-02
   8.22114937558131e-02
   7.91329374766706e-02
   7.56777407145324e-02
   7.19121585159903e-02
   6.78928992764314e-02
   6.36777713173215e-02
   5.93123397366089e-02
   5.48409759518158e-02
   5.02957661903197e-02
   4.57072027583331e-02
   4.10949558748150e-02
   3.64775378404746e-02
   3.18647012194861e-02
   2.72656348386298e-02
   2.26829242901343e-02
   1.81190316853842e-02
   1.35718610579880e-02
   9.03939957910889e-03
   4.51697257522365e-03
   3.83994242262340e-03
   7.68476509855876e-03
   1.15386030143153e-02
   1.54057844115618e-02
   1.92883765151303e-02
   2.31887562186855e-02
   2.71054536536781e-02
   3.10372842752335e-02
   3.49775379017451e-02
   3.89195959944205e-02
   4.28495713389648e-02
   4.67533538293512e-02
   5.06078923389460e-02
   5.43896697814019e-02
   5.80649430102604e-02
   6.15997447816331e-02
   6.49495438771788e-02
   6.80709653849203e-02
   7.09114191366677e-02
   7.34226898445586e-02
   7.55509282105624e-02
   7.72518842885644e-02
   7.84810858234193e-02
   7.92097167255331e-02
   7.94140015953358e-02
   7.90900725759206e-02
   7.82413548986280e-02
   7.68911541726614e-02
   7.50678707917092e-02
   7.28154804969046e-02
   7.01778444957042e-02
   6.72082909325743e-02
   6.39546746560334e-02
   6.04690449070139e-02
   5.67944484310474e-02
   5.29748648694481e-02
   4.90439739414418e-02
   4.50349719653263e-02
   4.09711443464469e-02
   3.68750246190899e-02
   3.27605724857186e-02
   2.86412243112097e-02
   2.45235698861991e-02
   2.04139912432201e-02
   1.63138275758737e-02
   1.22244250280965e-02
   8.14383632568143e-03
   4.07019187755195e-03
   3.41927364374395e-03
   6.84183127146554e-03
   1.02710404306763e-02
   1.37089080453113e-02
   1.71576624757830e-02
   2.06167789589872e-02
   2.40860111782986e-02
   2.75609177046031e-02
   3.10372842752335e-02
   3.45052278409077e-02
   3.79549569951205e-02
   4.13695930320010e-02
   4.47322454158190e-02
   4.80177743438511e-02
   5.12012118313375e-02
   5.42487894866336e-02
   5.71277924093011e-02
   5.97972473893035e-02
   6.22192901167571e-02
   6.43498596393124e-02
   6.61514776253243e-02
   6.75840143580822e-02
   6.86183527628298e-02
   6.92268043317070e-02
   6.93966351168999e-02
   6.91193683527059e-02
   6.84030761919826e-02
   6.72601125081236e-02
   6.57177373911627e-02
   6.38047129443919e-02
   6.15607184930253e-02
   5.90229038640272e-02
   5.62348615953368e-02
   5.32341572645432e-02
   5.00612849704523e-02
   4.67486973686942e-02
   4.33296853983975e-02
   3.98290033830966e-02
   3.62713349653165e-02
   3.26734257693789e-02
   2.90517496205459e-02
   2.54160536534349e-02
   2.17759118158887e-02
   1.81356432206734e-02
   1.44995404582288e-02
   1.08681751528428e-02
   7.24217481992384e-03
   3.61995860930270e-03
   2.99532088088685e-03
   5.99300686262199e-03
   8.99481939161292e-03
   1.20026542689599e-02
   1.50165863837031e-02
   1.80369190425109e-02
   2.10608943959261e-02
   2.40860111782986e-02
   2.71054536536781e-02
   3.01126332525352e-02
   3.30954357686087e-02
   3.60419556691146e-02
   3.89337219484777e-02
   4.17526227849397e-02
   4.44733404846048e-02
   4.70714976301108e-02
   4.95155888840884e-02
   5.17763830670351e-02
   5.38186343017447e-02
   5.56116857613934e-02
   5.71211082933404e-02
   5.83202172460910e-02
   5.91815065381107e-02
   5.96884604540531e-02
   5.98263661878510e-02
   5.95936128391731e-02
   5.89914690084730e-02
   5.80342839090892e-02
   5.67382533204261e-02
   5.51305000837165e-02
   5.32374126679778e-02
   5.10930204742065e-02
   4.87277105967432e-02
   4.61763183404444e-02
   4.34678368175244e-02
   4.06333595619124e-02
   3.76970669003574e-02
   3.46838787597678e-02
   3.16117663623438e-02
   2.84988403149868e-02
   2.53569465736511e-02
   2.21979108843061e-02
   1.90283805032475e-02
   1.58550045595056e-02
   1.26805158835253e-02
   9.50769788214120e-03
   6.33672919186842e-03
   3.16784901911373e-03
   2.56934011857447e-03
   5.14005590652267e-03
   7.71358177363696e-03
   1.02903032552125e-02
   1.28707676716959e-02
   1.54534164314271e-02
   1.80369190425109e-02
   2.06167789589872e-02
   2.31887562186855e-02
   2.57444157469462e-02
   2.82756077927084e-02
   3.07690719273708e-02
   3.32119588851032e-02
   3.55856543628252e-02
   3.78723450275462e-02
   4.00482716651165e-02
   4.20913472855567e-02
   4.39740616930037e-02
   4.56721160437284e-02
   4.71571408111759e-02
   4.84061821728614e-02
   4.93942397948308e-02
   5.01042329452909e-02
   5.05191647585438e-02
   5.06320152257055e-02
   5.04372478076626e-02
   4.99400972557124e-02
   4.91473007993342e-02
   4.80755360483080e-02
   4.67416214020700e-02
   4.51702229332664e-02
   4.33840547680777e-02
   4.14111414467418e-02
   3.92755686829667e-02
   3.70044981401404e-02
   3.46198371610738e-02
   3.21450043462478e-02
   2.95976783932735e-02
   2.69961584879167e-02
   2.43532225545734e-02
   2.16818674887028e-02
   1.89902628068910e-02
   1.62866693028776e-02
   1.35754786305761e-02
   1.08611552949129e-02
   8.14537130032825e-03
   5.42986790122436e-03
   2.71470827528379e-03
   2.14198368688834e-03
   4.28487679233392e-03
   6.42914854119971e-03
   8.57536359437186e-03
   1.07227646164410e-02
   1.28707676716959e-02
   1.50165863837031e-02
   1.71576624757830e-02
   1.92883765151303e-02
   2.14033875153687e-02
   2.34935077279078e-02
   2.55499311774951e-02
   2.75593873017392e-02
   2.95092486125904e-02
   3.13821135976383e-02
   3.31617882031608e-02
   3.48274669000181e-02
   3.63605615933004e-02
   3.77386273689891e-02
   3.89429418912486e-02
   3.99522397920984e-02
   4.07508192140530e-02
   4.13220206896783e-02
   4.16564988184576e-02
   4.17452821487644e-02
   4.15877956451936e-02
   4.11843714073798e-02
   4.05437226664432e-02
   3.96749686714017e-02
   3.85944973207379e-02
   3.73178028949401e-02
   3.58658689633078e-02
   3.42572317391797e-02
   3.25140492642587e-02
   3.06547498989968e-02
   2.86998554804143e-02
   2.66654349302867e-02
   2.45686219681973e-02
   2.24219666414762e-02
   2.02385065785289e-02
   1.80270380196958e-02
   1.57965780984057e-02
   1.35525552707960e-02
   1.13005193821882e-02
   9.04325536522185e-03
   6.78363406228277e-03
   4.52266283741697e-03
   2.26140775656780e-03
   1.71396265632154e-03
   3.42831903472494e-03
   5.14350244388750e-03
   6.85923796463413e-03
   8.57536359437186e-03
   1.02903032552125e-02
   1.20026542689599e-02
   1.37089080453113e-02
   1.54057844115618e-02
   1.70872500714904e-02
   1.87475813976338e-02
   2.03777577529625e-02
   2.19692392448141e-02
   2.35098391881591e-02
   2.49882065569836e-02
   2.63893006498703e-02
   2.76995583665629e-02
   2.89020904111906e-02
   2.99824760087314e-02
   3.09237595927311e-02
   3.17127412824972e-02
   3.23347765796047e-02
   3.27803353346879e-02
   3.30395276768438e-02
   3.31086381672385e-02
   3.29842812169677e-02
   3.26696423191321e-02
   3.21682497876573e-02
   3.14897819613265e-02
   3.06435963145396e-02
   2.96441165750098e-02
   2.85043864510335e-02
   2.72411350195166e-02
   2.58686467358915e-02
   2.44035843143559e-02
   2.28593999312998e-02
   2.12509163366366e-02
   1.95894079077528e-02
   1.78868650951427e-02
   1.61517990983702e-02
   1.43930750991582e-02
   1.26164562962400e-02
   1.08278883151199e-02
   9.03078826215902e-03
   7.22868201799567e-03
   5.42324674616401e-03
   3.61623029006607e-03
   1.80825991357044e-03
   1.28554790367288e-03
   2.57132758438092e-03
   3.85730423499121e-03
   5.14350244388750e-03
   6.42914854119971e-03
   7.71358177363696e-03
   8.99481939161292e-03
   1.02710404306763e-02
   1.15386030143153e-02
   1.27940867024527e-02
   1.40318100381743e-02
   1.52464190618006e-02
   1.64299727363955e-02
   1.75750672024773e-02
   1.86715727922665e-02
   1.97102798455849e-02
   2.06793755051725e-02
   2.15685783687758e-02
   2.23654266620149e-02
   2.30598280180747e-02
   2.36401891655546e-02
   2.40982470352737e-02
   2.44250163926249e-02
   2.46157127941765e-02
   2.46654616263780e-02
   2.45741105210380e-02
   2.43416668645235e-02
   2.39728510911821e-02
   2.34723130717075e-02
   2.28488761487007e-02
   2.21106806395258e-02
   2.12691524523989e-02
   2.03342751519618e-02
   1.93183412276428e-02
   1.82315406912354e-02
   1.70855207244794e-02
   1.58894225772071e-02
   1.46532222176849e-02
   1.33842867329715e-02
   1.20904277199828e-02
   1.07770069823269e-02
   9.44961832802193e-03
   8.11175343128478e-03
   6.76703262883753e-03
   5.41743769843778e-03
   4.06502863251316e-03
   2.71075166311285e-03
   1.35559869251408e-03
   8.57049892334532e-04
   1.71413916413464e-03
   2.57132758438092e-03
   3.42831903472494e-03
   4.28487679233392e-03
   5.14005590652267e-03
   5.99300686262200e-03
   6.84183127146554e-03
   7.68476509855876e-03
   8.51868368583077e-03
   9.34065563032542e-03
   1.01461357196703e-02
   1.09308814577973e-02
   1.16888840930883e-02
   1.24146387916751e-02
   1.31008704350304e-02
   1.37411406571503e-02
   1.43274208967253e-02
   1.48529997142781e-02
   1.53099366519980e-02
   1.56922003125942e-02
   1.59930060033106e-02
   1.62080778087802e-02
   1.63328454808592e-02
   1.63657019544942e-02
   1.63050323762827e-02
   1.61523519431415e-02
   1.59091746408402e-02
   1.55799654107513e-02
   1.51689145690300e-02
   1.46826971244739e-02
   1.41272675670746e-02
   1.35104542608324e-02
   1.28389023314823e-02
   1.21205289094910e-02
   1.13617196981754e-02
   1.05696437382553e-02
   9.74977165280811e-03
   8.90801842229496e-03
   8.04861806626273e-03
   7.17604435216326e-03
   6.29325660223609e-03
   5.40334438975449e-03
   4.50815112346854e-03
   3.60959553213819e-03
   2.70867842233798e-03
   1.80644548021756e-03
   9.03383193373049e-04
   4.28512501530606e-04
   8.57049892334532e-04
   1.28554790367288e-03
   1.71396265632154e-03
   2.14198368688834e-03
   2.56934011857447e-03
   2.99532088088685e-03
   3.41927364374395e-03
   3.83994242262340e-03
   4.25615479652011e-03
   4.66599307762627e-03
   5.06766551983290e-03
   5.45853328203501e-03
   5.83616130535966e-03
   6.19722784631532e-03
   6.53874851825472e-03
   6.85689579167313e-03
   7.14838283369319e-03
   7.40921464637430e-03
   7.63620518197152e-03
   7.82566942951377e-03
   7.97502969778758e-03
   8.08144335832599e-03
   8.14343929341049e-03
   8.15946833445676e-03
   8.12950865041475e-03
   8.05353389091961e-03
   7.93304197329685e-03
   7.76945936142757e-03
   7.56557491318070e-03
   7.32392572226522e-03
   7.04814132053768e-03
   6.74137199281092e-03
   6.40755681034108e-03
   6.04995291707112e-03
   5.67233341001927e-03
   5.27766102483056e-03
   4.86920747869404e-03
   4.44939723713750e-03
   4.02082776530690e-03
   3.58529575782737e-03
   3.14469219052300e-03
   2.70021640202856e-03
   2.25312060245138e-03
   1.80411488430844e-03
   1.35394048717320e-03
   9.02968642046361e-04
   4.51587958854853e-04
