   4.28317068415319e-04
   8.58164163024414e-04
   1.29115004228877e-03
   1.72915483260850e-03
   2.17431588300786e-03
   2.62935577072697e-03
   3.09750499423767e-03
   3.58299762660789e-03
   4.09098220481227e-03
   4.62824569053652e-03
   5.20321027991892e-03
   5.82701093547673e-03
   6.51377589668136e-03
   7.28232883050080e-03
   8.15717394564568e-03
   9.17142713618459e-03
   1.03694325219200e-02
   1.18122773980453e-02
   1.35840529551129e-02
   1.58027580653793e-02
   1.86338031312726e-02
   2.23096815453422e-02
   2.71500297209368e-02
   3.35731322459450e-02
   4.20564976175503e-02
   5.29471256311988e-02
   6.58972865989331e-02
   7.86259621255350e-02
   8.53058035800415e-02
   7.84744100889371e-02
   6.55932601816772e-02
   5.24887840841322e-02
   4.14411497710075e-02
   3.27972426909257e-02
   2.62093426500913e-02
   2.11992127562320e-02
   1.73479963967894e-02
   1.43354369772669e-02
   1.19285766704345e-02
   9.96141798556190e-03
   8.31548787491881e-03
   6.90598094309045e-03
   5.67111291115579e-03
   4.56543004439861e-03
   3.55455806469028e-03
   2.61207046823669e-03
   1.71680190084811e-03
   8.51239968470951e-04
   8.55160007862872e-04
   1.71324666133809e-03
   2.57744794985693e-03
   3.45126670362888e-03
   4.33902785297694e-03
   5.24576981559174e-03
   6.17804514922926e-03
   7.14372246702769e-03
   8.15316151615729e-03
   9.21905737641782e-03
   1.03581501538052e-02
   1.15913682047194e-02
   1.29464098580611e-02
   1.44587145450579e-02
   1.61756556418297e-02
   1.81594838234671e-02
   2.04947994324160e-02
   2.32960322618946e-02
   2.67219955979109e-02
   3.09936040103871e-02
   3.64236240778681e-02
   4.34553338203761e-02
   5.27181742109340e-02
   6.50864475552823e-02
   8.17066053993238e-02
   1.03835162314363e-01
   1.32016920800356e-01
   1.63301193137341e-01
   1.84123679459347e-01
   1.62998995082662e-01
   1.31410645339652e-01
   1.02921121684279e-01
   8.04793193968985e-02
   6.35388439753033e-02
   5.08415982586374e-02
   4.12398419522427e-02
   3.38579437410538e-02
   2.80654637530616e-02
   2.34179743873317e-02
   1.96018505148015e-02
   1.63949814196225e-02
   1.36375163314741e-02
   1.12133686275929e-02
   9.03618961024816e-03
   7.04095343964438e-03
   5.17700708194572e-03
   3.40400893351545e-03
   1.68818652020968e-03
   1.27913342250572e-03
   2.56243719724376e-03
   3.85429881316152e-03
   5.15987787791457e-03
   6.48503992223847e-03
   7.83730398085143e-03
   9.22557009518915e-03
   1.06615401568105e-02
   1.21593702817658e-02
   1.37377138161545e-02
   1.54195425002516e-02
   1.72351135658185e-02
   1.92224404988840e-02
   2.14318257102461e-02
   2.39279810734555e-02
   2.67975427861100e-02
   3.01550390240807e-02
   3.41566497376914e-02
   3.90151291546540e-02
   4.50277087044703e-02
   5.26126236838096e-02
   6.23715757302283e-02
   7.51817721555419e-02
   9.23496202918202e-02
   1.15849204032478e-01
   1.48671732397588e-01
   1.95034919976404e-01
   2.58439909683664e-01
   3.24889579344557e-01
   2.57988881587864e-01
   1.94130018202497e-01
   1.47307283796574e-01
   1.14016923092682e-01
   9.00386457547230e-02
   7.23790600655640e-02
   5.90619040525688e-02
   4.87790917486416e-02
   4.06516304688406e-02
   3.40765386407621e-02
   2.86339797895316e-02
   2.40255074206506e-02
   2.00364911595443e-02
   1.65089894112354e-02
   1.33255559970375e-02
   1.03962845846970e-02
   7.65132894904303e-03
   5.03415395273101e-03
   2.49760894646662e-03
   1.69910325939107e-03
   3.40324031723945e-03
   5.11792982004520e-03
   6.84924411437885e-03
   8.60477023889231e-03
   1.03933361778368e-02
   1.22265205908549e-02
   1.41181516764331e-02
   1.60864858693081e-02
   1.81536820330705e-02
   2.03488801638872e-02
   2.27080298951530e-02
   2.52783403726934e-02
   2.81192082085247e-02
   3.13090358876348e-02
   3.49488062164061e-02
   3.91734730786299e-02
   4.41616162725122e-02
   5.01566068584910e-02
   5.74907544748025e-02
   6.66301257466578e-02
   7.82378875277715e-02
   9.32903114834795e-02
   1.13282387858224e-01
   1.40671462138343e-01
   1.79968968020689e-01
   2.41013689361113e-01
   3.50535243604700e-01
   5.99008344968410e-01
   3.49938182340568e-01
   2.39815645336881e-01
   1.78162251640463e-01
   1.38244672427560e-01
   1.10220846801168e-01
   8.95761303037350e-02
   7.38506069675652e-02
   6.15467024196394e-02
   5.16862897395520e-02
   4.36041293462977e-02
   3.68327479578785e-02
   3.10378568228510e-02
   2.59745283469752e-02
   2.14615203905716e-02
   1.73611793101860e-02
   1.35679613959145e-02
   9.99812430683380e-03
   6.58400244844173e-03
   3.26818048737532e-03
   2.11415260483577e-03
   4.23393268375558e-03
   6.36527408898776e-03
   8.51527467059307e-03
   1.06920179700015e-02
   1.29060461605668e-02
   1.51697916358859e-02
   1.74997552274952e-02
   1.99157040605801e-02
   2.24437145323167e-02
   2.51154122662884e-02
   2.79721889843228e-02
   3.10649915203224e-02
   3.44603322378341e-02
   3.82415977352405e-02
   4.25181280743550e-02
   4.74299976807133e-02
   5.31628955110421e-02
   5.99605858345075e-02
   6.81518899884259e-02
   7.81809597614909e-02
   9.06629494886842e-02
   1.06460956705957e-01
   1.26821612790118e-01
   1.53587053926018e-01
   1.89522429658965e-01
   2.38517369114733e-01
   3.03682401557632e-01
   3.70672067236608e-01
   3.02943102912263e-01
   2.37033743433910e-01
   1.87284471395100e-01
   1.50580177597017e-01
   1.23026775650755e-01
   1.01855387216546e-01
   8.52202519096296e-02
   7.18720488697503e-02
   6.09449392967754e-02
   5.18219964015071e-02
   4.40569133051887e-02
   3.73195093512900e-02
   3.13637462442846e-02
   2.60020465405667e-02
   2.10907697732074e-02
   1.65167048570076e-02
   1.21898658875350e-02
   8.03577662948265e-03
   3.99133225585176e-03
   2.52384939132981e-03
   5.05334466598961e-03
   7.59477942509352e-03
   1.01551197628407e-02
   1.27433329494219e-02
   1.53698632408889e-02
   1.80487064551600e-02
   2.07964514645281e-02
   2.36352017574127e-02
   2.65913734844725e-02
   2.96996474284840e-02
   3.30018501223360e-02
   3.65522818433106e-02
   4.04172483505604e-02
   4.46824153341482e-02
   4.94539882680581e-02
   5.48693001697262e-02
   6.11013897089395e-02
   6.83749801910986e-02
   7.69773641725075e-02
   8.72830600358391e-02
   9.97741604969318e-02
   1.15073227581809e-01
   1.33958245859691e-01
   1.57337003774308e-01
   1.86018511399399e-01
   2.19855196184838e-01
   2.55007064889616e-01
   2.77058537801878e-01
   2.54130476956602e-01
   2.18095682700817e-01
   1.83363657177479e-01
   1.53768465261258e-01
   1.29452489337255e-01
   1.09601750668353e-01
   9.33045875487798e-02
   7.97792915800223e-02
   6.84008431738975e-02
   5.86845742587435e-02
   5.02545952752229e-02
   4.28216302068026e-02
   3.61598516984306e-02
   3.00937627867627e-02
   2.44838389783370e-02
   1.92193127100134e-02
   1.42092766841754e-02
   9.37845562054055e-03
   4.66151231461690e-03
   2.92806793365109e-03
   5.86147062634528e-03
   8.80587933709225e-03
   1.17683882304517e-02
   1.47571552511071e-02
   1.77832851561857e-02
   2.08598545938320e-02
   2.40046502991458e-02
   2.72387051203563e-02
   3.05899871422028e-02
   3.40916494202817e-02
   3.77868381118310e-02
   4.17269735177020e-02
   4.59779605480913e-02
   5.06189718071086e-02
   5.57504812253501e-02
   6.14941432386817e-02
   6.80030581827597e-02
   7.54630345278802e-02
   8.41044284984447e-02
   9.42023041155168e-02
   1.06082453281151e-01
   1.20102148711724e-01
   1.36606251209585e-01
   1.55786815672078e-01
   1.77364507483601e-01
   1.99880418528581e-01
   2.19437111481158e-01
   2.28427046425799e-01
   2.18429385897904e-01
   1.97857241567937e-01
   1.74310545944469e-01
   1.51679770140787e-01
   1.31417162881491e-01
   1.13796580055421e-01
   9.86208446476486e-02
   8.55415030467815e-02
   7.41978853459783e-02
   6.42624235946292e-02
   5.54580557010419e-02
   4.75538454426522e-02
   4.03624885568660e-02
   3.37302934361099e-02
   2.75331237166037e-02
   2.16680923655280e-02
   1.60504511093266e-02
   1.06075906062667e-02
   5.27658937907088e-03
   3.32733026155819e-03
   6.65897743001962e-03
   1.00000085015203e-02
   1.33561659176223e-02
   1.67354764979719e-02
   2.01474027257171e-02
   2.36053401966094e-02
   2.71250743400593e-02
   3.07282049232060e-02
   3.44400295490756e-02
   3.82939557363025e-02
   4.23289832824191e-02
   4.65951886318720e-02
   5.11510126634165e-02
   5.60698778044491e-02
   6.14374070749238e-02
   6.73589742046120e-02
   7.39564295476187e-02
   8.13752192648657e-02
   8.97779088160904e-02
   9.93450388571823e-02
   1.10254183154811e-01
   1.22652548578787e-01
   1.36580814649438e-01
   1.51845410999579e-01
   1.67775291493964e-01
   1.82870697654550e-01
   1.94436860985612e-01
   1.98788821210503e-01
   1.93305612976787e-01
   1.80598761230808e-01
   1.64344192178400e-01
   1.47227965870778e-01
   1.30742288345893e-01
   1.15551188119703e-01
   1.01842942785455e-01
   8.95721073208514e-02
   7.85887283035359e-02
   6.87127186640879e-02
   5.97630050781297e-02
   5.15761115348990e-02
   4.40072731365689e-02
   3.69340197508504e-02
   3.02512210436866e-02
   2.38709832689470e-02
   1.77174216505688e-02
   1.17256232183843e-02
   5.83744793940692e-03
   3.72249491034458e-03
   7.44795484128685e-03
   1.11796653915043e-02
   1.49224854685651e-02
   1.86822602306119e-02
   2.24680168383159e-02
   2.62905135570653e-02
   3.01653814115667e-02
   3.41108769539377e-02
   3.81519678275694e-02
   4.23173780639313e-02
   4.66446005504462e-02
   5.11763170211454e-02
   5.59662498355145e-02
   6.10749245366753e-02
   6.65760118287972e-02
   7.25509485739907e-02
   7.90945801620141e-02
   8.63067126715834e-02
   9.42933588526826e-02
   1.03149091981110e-01
   1.12943293521812e-01
   1.23676449805502e-01
   1.35225732488907e-01
   1.47242137675696e-01
   1.59027207823950e-01
   1.69393592513889e-01
   1.76657335536351e-01
   1.78989039418867e-01
   1.75411762307609e-01
   1.66891121509024e-01
   1.55245428013459e-01
   1.42148533264177e-01
   1.28778324932587e-01
   1.15825611015209e-01
   1.03632585290113e-01
   9.23176304137768e-02
   8.18765404384889e-02
   7.22387595927031e-02
   6.33087859004628e-02
   5.49819976142724e-02
   4.71593770307568e-02
   3.97485723229405e-02
   3.26688667990958e-02
   2.58480637961664e-02
   1.92239086752529e-02
   1.27404691373414e-02
   6.34800807063522e-03
   4.11517050080310e-03
   8.23116808218404e-03
   1.23496328473507e-02
   1.64728152151361e-02
   2.06054030850188e-02
   2.47533182513863e-02
   2.89265392843719e-02
   3.31369272180601e-02
   3.74020068908814e-02
   4.17418614307257e-02
   4.61838047111811e-02
   5.07583693235962e-02
   5.55047300444146e-02
   6.04657178560809e-02
   6.56936539024875e-02
   7.12440181843578e-02
   7.71808176440129e-02
   8.35677057430177e-02
   9.04706682049163e-02
   9.79433655027777e-02
   1.06021924310549e-01
   1.14697200488252e-01
   1.23891625136124e-01
   1.33407325315153e-01
   1.42877631295407e-01
   1.51701590887961e-01
   1.59026470304913e-01
   1.63813552222249e-01
   1.65105368648808e-01
   1.62464839288227e-01
   1.56315336110384e-01
   1.47601231587747e-01
   1.37348775659265e-01
   1.26399980932111e-01
   1.15346162329832e-01
   1.04546967095581e-01
   9.41944647389668e-02
   8.43635038900812e-02
   7.50614438654614e-02
   6.62534517746577e-02
   5.78873676171770e-02
   4.99013116291978e-02
   4.22348183645200e-02
   3.48288057903845e-02
   2.76303841515486e-02
   2.05904054863530e-02
   1.36652882745498e-02
   6.81435832125428e-03
   4.50728623858195e-03
   9.01295567533105e-03
   1.35156799799715e-02
   1.80158054757579e-02
   2.25145328343172e-02
   2.70163704592984e-02
   3.15272075585168e-02
   3.60577785282488e-02
   4.06206368529972e-02
   4.52345386381667e-02
   4.99203128921894e-02
   5.47060096056565e-02
   5.96216023082861e-02
   6.47046076510510e-02
   6.99933740246771e-02
   7.55325573448062e-02
   8.13642934666128e-02
   8.75322086642750e-02
   9.40687999107099e-02
   1.00995323844280e-01
   1.08302101593058e-01
   1.15940005490542e-01
   1.23789671814200e-01
   1.31642460084725e-01
   1.39163634620851e-01
   1.45883169336551e-01
   1.51201256999672e-01
   1.54472983786101e-01
   1.55158035687435e-01
   1.53034543043960e-01
   1.48307959216702e-01
   1.41502617317322e-01
   1.33248916733436e-01
   1.24133350470120e-01
   1.14615344537837e-01
   1.05020694586150e-01
   9.55526528891936e-02
   8.63268546457027e-02
   7.73925491956297e-02
   6.87606603991646e-02
   6.04147513542465e-02
   5.23272234971283e-02
   4.44621451135108e-02
   3.67837248797354e-02
   2.92553168767852e-02
   2.18436005930639e-02
   1.45164521766106e-02
   7.24465972528267e-03
   4.90158434730554e-03
   9.79826647346066e-03
   1.46860133673251e-02
   1.95613404920982e-02
   2.44233340058960e-02
   2.92721194613162e-02
   3.41119723361601e-02
   3.89485604520774e-02
   4.37930396732815e-02
   4.86580465076797e-02
   5.35626219731041e-02
   5.85268976729402e-02
   6.35775985490584e-02
   6.87412690731612e-02
   7.40499199399544e-02
   7.95324071033100e-02
   8.52194203346558e-02
   9.11321661178683e-02
   9.72852880234515e-02
   1.03671358205964e-01
   1.10259764814634e-01
   1.16975505984601e-01
   1.23693390302044e-01
   1.30213721346426e-01
   1.36260108836606e-01
   1.41470688326964e-01
   1.45431127935722e-01
   1.47723490699454e-01
   1.48027719630748e-01
   1.46211573227948e-01
   1.42387422526994e-01
   1.36856362303594e-01
   1.30018482536760e-01
   1.22272860001913e-01
   1.13968082438925e-01
   1.05371153270860e-01
   9.66747482021865e-02
   8.80016364857563e-02
   7.94265262412746e-02
   7.09843497064038e-02
   6.26880930018653e-02
   5.45326426093140e-02
   4.65061321240628e-02
   3.85900527190943e-02
   3.07658009820806e-02
   2.30130898272242e-02
   1.53133909724922e-02
   7.64811731018484e-03
   5.30109552987958e-03
   1.05937239727193e-02
   1.58696939585689e-02
   2.11226122183943e-02
   2.63468719682205e-02
   3.15403564178858e-02
   3.67021067115500e-02
   4.18361006874210e-02
   4.69475611474200e-02
   5.20476530431624e-02
   5.71483749266133e-02
   6.22679528868053e-02
   6.74242153151470e-02
   7.26403594667109e-02
   7.79366066989818e-02
   8.33358356444558e-02
   8.88531133133887e-02
   9.45004149421110e-02
   1.00273377337589e-01
   1.06154144113298e-01
   1.12094818969836e-01
   1.18018222672788e-01
   1.23799485917137e-01
   1.29268403260171e-01
   1.34197234029524e-01
   1.38317786452909e-01
   1.41333858305310e-01
   1.42971377822592e-01
   1.43022422624955e-01
   1.41405509293927e-01
   1.38178224036639e-01
   1.33525337322918e-01
   1.27699932136973e-01
   1.20979305683965e-01
   1.13616757462838e-01
   1.05828111646721e-01
   9.77769181571395e-02
   8.95845677720898e-02
   8.13304648949471e-02
   7.30672960227583e-02
   6.48230035807844e-02
   5.66132393781209e-02
   4.84415043496209e-02
   4.03075434034322e-02
   3.22059721329433e-02
   2.41313809927056e-02
   1.60765234518225e-02
   8.03502662400968e-03
   5.70971969366396e-03
   1.14065001596857e-02
   1.70783533815325e-02
   2.27138520348196e-02
   2.83043619892704e-02
   3.38422648786977e-02
   3.93243717883427e-02
   4.47487076331599e-02
   5.01189515429795e-02
   5.54397169007768e-02
   6.07218080239622e-02
   6.59759142116926e-02
   7.12184153393832e-02
   7.64633815119128e-02
   8.17285831359537e-02
   8.70256279424673e-02
   9.23657245282264e-02
   9.77477206341008e-02
   1.03163128625914e-01
   1.08581967147340e-01
   1.13956979500024e-01
   1.19208171313232e-01
   1.24227970125404e-01
   1.28868325875079e-01
   1.32952722872983e-01
   1.36274497270324e-01
   1.38625103312478e-01
   1.39810765535266e-01
   1.39694759401331e-01
   1.38214654459182e-01
   1.35403857001282e-01
   1.31371399962716e-01
   1.26285235629850e-01
   1.20331899362752e-01
   1.13699423387584e-01
   1.06551431759698e-01
   9.90272691666060e-02
   9.12325909806631e-02
   8.32495089947129e-02
   7.51341760291661e-02
   6.69283412802986e-02
   5.86580417864612e-02
   5.03428922025086e-02
   4.19942673479380e-02
   3.36217248296029e-02
   2.52309230634168e-02
   1.68275866875660e-02
   8.41579570146685e-03
   6.13163247149543e-03
   1.22455651099755e-02
   1.83244097738783e-02
   2.43527812924997e-02
   3.03161773113642e-02
   3.62039650553815e-02
   4.20067736873401e-02
   4.77206317989652e-02
   5.33427947923150e-02
   5.88768242310612e-02
   6.43267599113671e-02
   6.97028894325828e-02
   7.50141855346359e-02
   8.02744951239102e-02
   8.54931865422553e-02
   9.06814771639628e-02
   9.58412677533134e-02
   1.00971355473173e-01
   1.06054562822211e-01
   1.11063829941719e-01
   1.15948271843117e-01
   1.20640031527521e-01
   1.25041319221612e-01
   1.29034858155927e-01
   1.32476277636132e-01
   1.35212984825956e-01
   1.37086667583437e-01
   1.37962213221804e-01
   1.37736414343915e-01
   1.36364496258358e-01
   1.33856127208064e-01
   1.30280622094746e-01
   1.25742365413183e-01
   1.20372377627732e-01
   1.14301859740522e-01
   1.07658816582708e-01
   1.00551921264089e-01
   9.30759307493550e-02
   8.53040582990722e-02
   7.72973758525613e-02
   6.91008134063332e-02
   6.07523218430653e-02
   5.22797967716417e-02
   4.37082698688215e-02
   3.50571165801762e-02
   2.63450386827608e-02
   1.75878001260937e-02
   8.80125289118835e-03
   6.57196070089292e-03
   1.31204496084639e-02
   1.96230744485738e-02
   2.60581371400674e-02
   3.24071205984767e-02
   3.86527910374407e-02
   4.47829727057161e-02
   5.07870580083253e-02
   5.66608657179001e-02
   6.24014462367188e-02
   6.80127597645753e-02
   7.34986766409450e-02
   7.88692130700828e-02
   8.41316976224340e-02
   8.92973550344987e-02
   9.43707156998939e-02
   9.93564213554745e-02
   1.04247098093535e-01
   1.09030425497199e-01
   1.13675997528694e-01
   1.18143143338654e-01
   1.22368005400049e-01
   1.26273543880035e-01
   1.29759220960693e-01
   1.32715718704922e-01
   1.35020183498727e-01
   1.36557406708605e-01
   1.37220574382858e-01
   1.36934908631304e-01
   1.35656148888305e-01
   1.33385759856802e-01
   1.30157658674193e-01
   1.26040790819870e-01
   1.21118068898957e-01
   1.15485566754076e-01
   1.09234279768515e-01
   1.02453450976331e-01
   9.52188527343549e-02
   8.76001090108685e-02
   7.96535694506311e-02
   7.14307049415951e-02
   6.29731117099976e-02
   5.43199019818792e-02
   4.55036970818596e-02
   3.65562711491169e-02
   2.75054058490871e-02
   1.83787531267877e-02
   9.20178136009859e-03
   7.03614291958088e-03
   1.40426873973170e-02
   2.09904415606500e-02
   2.78525262794081e-02
   3.46032564941395e-02
   4.12214763065510e-02
   4.76878560065167e-02
   5.39894772016840e-02
   6.01154174414917e-02
   6.60623018744434e-02
   7.18280219748736e-02
   7.74179480447200e-02
   8.28367066301263e-02
   8.80948353127707e-02
   9.31987102003709e-02
   9.81575722997700e-02
   1.02971889116382e-01
   1.07640844742227e-01
   1.12149637165654e-01
   1.16477762913428e-01
   1.20586108617921e-01
   1.24426808017218e-01
   1.27931560906491e-01
   1.31024413019509e-01
   1.33613147204918e-01
   1.35606227152748e-01
   1.36908081601622e-01
   1.37439135269636e-01
   1.37132206398447e-01
   1.35950373262242e-01
   1.33878549751624e-01
   1.30933800693236e-01
   1.27150161722491e-01
   1.22583105499124e-01
   1.17292712933777e-01
   1.11347918900509e-01
   1.04812891115177e-01
   9.77534813441626e-02
   9.02275153764710e-02
   8.22924517343693e-02
   7.39982455807470e-02
   6.53945796740132e-02
   5.65252355141453e-02
   4.74340214774730e-02
   3.81603744638182e-02
   2.87437906192016e-02
   1.92207860848930e-02
   9.62786691861778e-03
   7.53069717721425e-03
   1.50245064292214e-02
   2.24457862405957e-02
   2.97598387447260e-02
   3.69357076433450e-02
   4.39443225498683e-02
   5.07627370767782e-02
   5.73706120109658e-02
   6.37556128319977e-02
   6.99080203121143e-02
   7.58269067449706e-02
   8.15126882958688e-02
   8.69737710129053e-02
   9.22170602379390e-02
   9.72549849235614e-02
   1.02094260148411e-01
   1.06743428270160e-01
   1.11200406121199e-01
   1.15460853504491e-01
   1.19505232492244e-01
   1.23308499994744e-01
   1.26827656539835e-01
   1.30013506992165e-01
   1.32799897434055e-01
   1.35118309263466e-01
   1.36889644370400e-01
   1.38041489275108e-01
   1.38501699482210e-01
   1.38215997100895e-01
   1.37140382740605e-01
   1.35255320102633e-01
   1.32554306272243e-01
   1.29053289303642e-01
   1.24776541285570e-01
   1.19763714512959e-01
   1.14056360872562e-01
   1.07705126181082e-01
   1.00758666647651e-01
   9.32712529582664e-02
   8.52938429356383e-02
   7.68811810824827e-02
   6.80844031040739e-02
   5.89569779157637e-02
   4.95487230590504e-02
   3.99104827676331e-02
   3.00897754741360e-02
   2.01342804875037e-02
   1.00892955166036e-02
   8.06254810155625e-03
   1.60804473841052e-02
   2.40095777156402e-02
   3.18084937021832e-02
   3.94374229211641e-02
   4.68620427311720e-02
   5.40509254010392e-02
   6.09807326170444e-02
   6.76318811509177e-02
   7.39947094897907e-02
   8.00630305963494e-02
   8.58407930252452e-02
   9.13333496214343e-02
   9.65543892864678e-02
   1.01515138665804e-01
   1.06231708970768e-01
   1.10712810023867e-01
   1.14967891435187e-01
   1.18994120366789e-01
   1.22785759745428e-01
   1.26321215901859e-01
   1.29574114061602e-01
   1.32501255994180e-01
   1.35055818158880e-01
   1.37176916095511e-01
   1.38804959742229e-01
   1.39872820291710e-01
   1.40322330697984e-01
   1.40095805824844e-01
   1.39151541678601e-01
   1.37453864931743e-01
   1.34985870625455e-01
   1.31737592990362e-01
   1.27716284155552e-01
   1.22934220552969e-01
   1.17417916708164e-01
   1.11197014678539e-01
   1.04312891524038e-01
   9.68087939385269e-02
   8.87372909523517e-02
   8.01513559267657e-02
   7.11102863052841e-02
   6.16719382400287e-02
   5.18973411216532e-02
   4.18446722863390e-02
   3.15729328398054e-02
   2.11380786368475e-02
   1.05958339863024e-02
   8.63986672213929e-03
   1.72259946080996e-02
   2.57060267578895e-02
   3.40287962635030e-02
   4.21474751644813e-02
   5.00179570372737e-02
   5.76037351081316e-02
   6.48727245543538e-02
   7.18034431251229e-02
   7.83798212892602e-02
   8.45979998736319e-02
   9.04586572332707e-02
   9.59739094105473e-02
   1.01157125550798e-01
   1.06029958114069e-01
   1.10610223042796e-01
   1.14919548510542e-01
   1.18970212229481e-01
   1.22773978411857e-01
   1.26328741834194e-01
   1.29628959092447e-01
   1.32652784946964e-01
   1.35374317086175e-01
   1.37751739681713e-01
   1.39741363565004e-01
   1.41286966871525e-01
   1.42335131854752e-01
   1.42825371110224e-01
   1.42705620800128e-01
   1.41922247819043e-01
   1.40434429294559e-01
   1.38203512994814e-01
   1.35205872489999e-01
   1.31422141582954e-01
   1.26848974124340e-01
   1.21488907802195e-01
   1.15361029668625e-01
   1.08491325965124e-01
   1.00921397255005e-01
   9.26987348605401e-02
   8.38829478703486e-02
   7.45362821867604e-02
   6.47279522863648e-02
   5.45260891416960e-02
   4.40011801599166e-02
   3.32204535307736e-02
   2.22509045843845e-02
   1.11563802632173e-02
   9.27135276411129e-03
   1.84793071687904e-02
   2.75610171362423e-02
   3.64565012895819e-02
   4.51078321612301e-02
   5.34634750272818e-02
   6.14762354664111e-02
   6.91093950175994e-02
   7.63329940215476e-02
   8.31309431230717e-02
   8.94948252833589e-02
   9.54310119140534e-02
   1.00951455154078e-01
   1.06080456629165e-01
   1.10842828641375e-01
   1.15270846375202e-01
   1.19390875486279e-01
   1.23231375772469e-01
   1.26809111767092e-01
   1.30138794787428e-01
   1.33219608918127e-01
   1.36046648239903e-01
   1.38598138565120e-01
   1.40848520896545e-01
   1.42756508820421e-01
   1.44279421149081e-01
   1.45361963094191e-01
   1.45951144097998e-01
   1.45985460926995e-01
   1.45409667331627e-01
   1.44164197429022e-01
   1.42199470590581e-01
   1.39465951796264e-01
   1.35928159212768e-01
   1.31555845806042e-01
   1.26337390632657e-01
   1.20271513818812e-01
   1.13378462378028e-01
   1.05690726147659e-01
   9.72604378908393e-02
   8.81486933515650e-02
   7.84296169575978e-02
   6.81800037769418e-02
   5.74820044119283e-02
   4.64151982609846e-02
   3.50592968449259e-02
   2.34895591759634e-02
   1.17796205167429e-02
   9.96708788012273e-03
   1.98597341424658e-02
   2.96047715416912e-02
   3.91300852107409e-02
   4.83680613086877e-02
   5.72544282578882e-02
   6.57340982634620e-02
   7.37589639791515e-02
   8.12954394039880e-02
   8.83201999983351e-02
   9.48279551539820e-02
   1.00823841235908e-01
   1.06330274875512e-01
   1.11375733674576e-01
   1.16000947791819e-01
   1.20245272587162e-01
   1.24153509156547e-01
   1.27761519960757e-01
   1.31104766341758e-01
   1.34204232853505e-01
   1.37076987637109e-01
   1.39722769511564e-01
   1.42136295384269e-01
   1.44294488032722e-01
   1.46170013143450e-01
   1.47719008325726e-01
   1.48895276740087e-01
   1.49638403777597e-01
   1.49888155388727e-01
   1.49573137019305e-01
   1.48625379438937e-01
   1.46970240838017e-01
   1.44541675024584e-01
   1.41274266501728e-01
   1.37119255620702e-01
   1.32038320836120e-01
   1.26018424198874e-01
   1.19064683895855e-01
   1.11210561699259e-01
   1.02507300055515e-01
   9.30282974507644e-02
   8.28564332944963e-02
   7.20854329234274e-02
   6.08088649855325e-02
   4.91216856411192e-02
   3.71132736784165e-02
   2.48701157676044e-02
   1.24729774207674e-02
   1.07377060126229e-02
   2.13894892885146e-02
   3.18695665985553e-02
   4.20944171665739e-02
   5.19820703452276e-02
   6.14571241974535e-02
   7.04497541394269e-02
   7.89035216559550e-02
   8.67733572129196e-02
   9.40345053062701e-02
   1.00677418607659e-01
   1.06715478785388e-01
   1.12175167343571e-01
   1.17101770656452e-01
   1.21545603648327e-01
   1.25567289381249e-01
   1.29222472525215e-01
   1.32568729427470e-01
   1.35650660867529e-01
   1.38509280244285e-01
   1.41168049283814e-01
   1.43644429508310e-01
   1.45936635112585e-01
   1.48036572549282e-01
   1.49916924233997e-01
   1.51544718405434e-01
   1.52868522852134e-01
   1.53832161289725e-01
   1.54362213727906e-01
   1.54381978995409e-01
   1.53800231018044e-01
   1.52526374417593e-01
   1.50462121061988e-01
   1.47519019073914e-01
   1.43613964626639e-01
   1.38688181016764e-01
   1.32703960665272e-01
   1.25660016656395e-01
   1.17583647936270e-01
   1.08537250123230e-01
   9.86041358544301e-02
   8.78882294703109e-02
   7.64990087053038e-02
   6.45505810852371e-02
   5.21511488230974e-02
   3.94045712073678e-02
   2.64055315749064e-02
   1.32430363840208e-02
   1.15951154672548e-02
   2.30918387602010e-02
   3.43921799301643e-02
   4.53977085902307e-02
   5.60129507488245e-02
   6.61448508061305e-02
   7.57101550234509e-02
   8.46354197798269e-02
   9.28673592546436e-02
   1.00371199472084e-01
   1.07140524962508e-01
   1.13190319183983e-01
   1.18563183813400e-01
   1.23316006810050e-01
   1.27523529964104e-01
   1.31261745885990e-01
   1.34612387420912e-01
   1.37646612071986e-01
   1.40432597620089e-01
   1.43020831894109e-01
   1.45454725954294e-01
   1.47757114879374e-01
   1.49942748219705e-01
   1.52005177847588e-01
   1.53929955354139e-01
   1.55681323628609e-01
   1.57215332079187e-01
   1.58466267263075e-01
   1.59359570857839e-01
   1.59798842774669e-01
   1.59679603539085e-01
   1.58879052675432e-01
   1.57273024715689e-01
   1.54731410619984e-01
   1.51140017556685e-01
   1.46401609873659e-01
   1.40458666739336e-01
   1.33292267429512e-01
   1.24934885000760e-01
   1.15457697746053e-01
   1.04969430243709e-01
   9.35963470344788e-02
   8.14768876691015e-02
   6.87454855348926e-02
   5.55312022501750e-02
   4.19496554328864e-02
   2.81061396833737e-02
   1.40940805212859e-02
   1.25513640647773e-02
   2.49923111449334e-02
   3.72109393107301e-02
   4.90947395887854e-02
   6.05293713859440e-02
   7.14042820612207e-02
   8.16136218720505e-02
   9.10673240494771e-02
   9.96932655656858e-02
   1.07450551846987e-01
   1.14327683431901e-01
   1.20351561849926e-01
   1.25576404150979e-01
   1.30086189437182e-01
   1.33976482158809e-01
   1.37355422842937e-01
   1.40324900157333e-01
   1.42985188360181e-01
   1.45418827246367e-01
   1.47699782495514e-01
   1.49879702450119e-01
   1.52000004511515e-01
   1.54079001158264e-01
   1.56125053150934e-01
   1.58123359322156e-01
   1.60048852180942e-01
   1.61852091356914e-01
   1.63471291181944e-01
   1.64817636768978e-01
   1.65787008620511e-01
   1.66246655590120e-01
   1.66049293278007e-01
   1.65025468804206e-01
   1.63004762028272e-01
   1.59818528223306e-01
   1.55329666847495e-01
   1.49441671757385e-01
   1.42124339734676e-01
   1.33410090007940e-01
   1.23396664350844e-01
   1.12222955652573e-01
   1.00056757388850e-01
   8.70693210147841e-02
   7.34275682804615e-02
   5.92802843900855e-02
   4.47593155067521e-02
   2.99761810731074e-02
   1.50280197851461e-02
   1.36189018419050e-02
   2.71159946059968e-02
   4.03671288814036e-02
   5.32427086884019e-02
   6.56098029389187e-02
   7.73319020965609e-02
   8.82786333829634e-02
   9.83304120561984e-02
   1.07395254619649e-01
   1.15414230763626e-01
   1.22376921373504e-01
   1.28316692540105e-01
   1.33314761978128e-01
   1.37481316715127e-01
   1.40951955816277e-01
   1.43864525702243e-01
   1.46358677264445e-01
   1.48556788848923e-01
   1.50570523576348e-01
   1.52486450792124e-01
   1.54377578012584e-01
   1.56291079633697e-01
   1.58261760086357e-01
   1.60299638987492e-01
   1.62403195481387e-01
   1.64545569390086e-01
   1.66686342766612e-01
   1.68755960744036e-01
   1.70665742108921e-01
   1.72291435763275e-01
   1.73483180824464e-01
   1.74052170278569e-01
   1.73786452423012e-01
   1.72449351318633e-01
   1.69810325334896e-01
   1.65662011435017e-01
   1.59863498913649e-01
   1.52357842276587e-01
   1.43192626432259e-01
   1.32499711279320e-01
   1.20475662190841e-01
   1.07341425731065e-01
   9.33211882268729e-02
   7.86173752362640e-02
   6.34065107307312e-02
   4.78324714804140e-02
   3.20129932774504e-02
   1.60422634273125e-02
   1.48086938969290e-02
   2.94873702435188e-02
   4.39002011831957e-02
   5.79026023296552e-02
   7.13374190197594e-02
   8.40399779660467e-02
   9.58416120358555e-02
   1.06587089779548e-01
   1.16146900049924e-01
   1.24442305471732e-01
   1.31453581716571e-01
   1.37232958986484e-01
   1.41889776316130e-01
   1.45582962822605e-01
   1.48491194709009e-01
   1.50803645435762e-01
   1.52694650850282e-01
   1.54325169922200e-01
   1.55826543134803e-01
   1.57310924543585e-01
   1.58859846980436e-01
   1.60538369731621e-01
   1.62384229241188e-01
   1.64422109555693e-01
   1.66651150289039e-01
   1.69057395299301e-01
   1.71598599150392e-01
   1.74213699068506e-01
   1.76804585843737e-01
   1.79242550228229e-01
   1.81348804372289e-01
   1.82901790531380e-01
   1.83624750030446e-01
   1.83207000766608e-01
   1.81316831942998e-01
   1.77654606133164e-01
   1.71997293792978e-01
   1.64259706379567e-01
   1.54507008809957e-01
   1.42941300528838e-01
   1.29841957899932e-01
   1.15517987612867e-01
   1.00259232205211e-01
   8.43185133207641e-02
   6.78976700122357e-02
   5.11536626870693e-02
   3.42019434767669e-02
   1.71289108492280e-02
   1.61293649851276e-02
   3.21254726011602e-02
   4.78462736195443e-02
   6.31318285286982e-02
   7.78015299518895e-02
   9.16515647937370e-02
   1.04466581494689e-01
   1.16032816427179e-01
   1.26170286613460e-01
   1.34758630472167e-01
   1.41770858936820e-01
   1.47276578280797e-01
   1.51438378145518e-01
   1.54474949338574e-01
   1.56637247005918e-01
   1.58170100509252e-01
   1.59303037731911e-01
   1.60228994219566e-01
   1.61112180564706e-01
   1.62077458409106e-01
   1.63225633690779e-01
   1.64625119484282e-01
   1.66328072369118e-01
   1.68360299725364e-01
   1.70735352434481e-01
   1.73441113011849e-01
   1.76450247024165e-01
   1.79702359357060e-01
   1.83109257192778e-01
   1.86531831865290e-01
   1.89780006727993e-01
   1.92587536601318e-01
   1.94615270457693e-01
   1.95442711182980e-01
   1.94605923501795e-01
   1.91647378589234e-01
   1.86220732456243e-01
   1.78181138298723e-01
   1.67642457222338e-01
   1.54920275233409e-01
   1.40439490647078e-01
   1.24632317770820e-01
   1.07884294314620e-01
   9.05019422158203e-02
   7.27154100330771e-02
   5.46838799511952e-02
   3.65139296347536e-02
   1.82718769520059e-02
   1.75837295613276e-02
   3.50405796729559e-02
   5.22288933339744e-02
   6.89802766388329e-02
   8.50874522403325e-02
   1.00303153332000e-01
   1.14343285760537e-01
   1.26913824911260e-01
   1.37746512153994e-01
   1.46659014720351e-01
   1.53599056384742e-01
   1.58673357517659e-01
   1.62117245573939e-01
   1.64251595021081e-01
   1.65418323299696e-01
   1.65947832438662e-01
   1.66124436269453e-01
   1.66187737891430e-01
   1.66322109304817e-01
   1.66673833455326e-01
   1.67346739645868e-01
   1.68421521143430e-01
   1.69949408777950e-01
   1.71968948599598e-01
   1.74495641293337e-01
   1.77534688301625e-01
   1.81065626434968e-01
   1.85049194800224e-01
   1.89404766728964e-01
   1.94007990672676e-01
   1.98658067401191e-01
   2.03064867681860e-01
   2.06811893780839e-01
   2.09353556814691e-01
   2.10022083283159e-01
   2.08118097522300e-01
   2.03061844359662e-01
   1.94610278887286e-01
   1.82965468608941e-01
   1.68665108918550e-01
   1.52366744093909e-01
   1.34693270104009e-01
   1.16146233285661e-01
   9.70937430011861e-02
   7.77798702855213e-02
   5.83550604607873e-02
   3.88988864271602e-02
   1.94455196721493e-02
   1.91658102108429e-02
   3.82250791804239e-02
   5.70509395753277e-02
   7.54746303149081e-02
   9.32689638787835e-02
   1.10132822293473e-01
   1.25695249422467e-01
   1.39535969574455e-01
   1.51250046957516e-01
   1.60535862548735e-01
   1.67301460699962e-01
   1.71705204995000e-01
   1.74115320967113e-01
   1.75001092877855e-01
   1.74847332627947e-01
   1.74084190429930e-01
   1.73070719801373e-01
   1.72081528156111e-01
   1.71326947034026e-01
   1.70955437892811e-01
   1.71078709812445e-01
   1.71771417756001e-01
   1.73092101254306e-01
   1.75077126896525e-01
   1.77756639288945e-01
   1.81143026229225e-01
   1.85241279741639e-01
   1.90030542695688e-01
   1.95465157077220e-01
   2.01443568060600e-01
   2.07791360100939e-01
   2.14207896816979e-01
   2.20225061973553e-01
   2.25143018291474e-01
   2.28020979460832e-01
   2.27746028767480e-01
   2.23307366937784e-01
   2.14236993832716e-01
   2.00951852284475e-01
   1.84411591041807e-01
   1.65675525364104e-01
   1.45630682688041e-01
   1.24918534518849e-01
   1.03949030344249e-01
   8.29585857760092e-02
   6.20588815834951e-02
   4.12827087763404e-02
   2.06117431102102e-02
   2.08548519726046e-02
   4.16446219205306e-02
   6.22764081648792e-02
   8.26015837139117e-02
   1.02383015536263e-01
   1.21268719874539e-01
   1.38771763082391e-01
   1.54291030553457e-01
   1.67185417884895e-01
   1.76940574809385e-01
   1.83369965639424e-01
   1.86739575942933e-01
   1.87642589694698e-01
   1.86800120425300e-01
   1.84891095856507e-01
   1.82481812882986e-01
   1.79998530584645e-01
   1.77752403113609e-01
   1.75954857795716e-01
   1.74754523846179e-01
   1.74247626715375e-01
   1.74505967555706e-01
   1.75576967201630e-01
   1.77503606076558e-01
   1.80317304181386e-01
   1.84052234155112e-01
   1.88732383483770e-01
   1.94379015482548e-01
   2.00988023125722e-01
   2.08521775474355e-01
   2.16861889971156e-01
   2.25761645951753e-01
   2.34743032322823e-01
   2.42982974139429e-01
   2.49177900627667e-01
   2.51547148489444e-01
   2.48189149965650e-01
   2.38086776778056e-01
   2.22197266381130e-01
   2.02360862813104e-01
   1.80296291891136e-01
   1.57240956676687e-01
   1.33950645040780e-01
   1.10829293240036e-01
   8.80482190565219e-02
   6.56416192997551e-02
   4.35621599046672e-02
   2.17195644883182e-02
   2.26097737834266e-02
   4.52229649516161e-02
   6.78108684548893e-02
   9.02739005561711e-02
   1.12396719671965e-01
   1.33789674739569e-01
   1.53837457180163e-01
   1.71674104780997e-01
   1.86266815099421e-01
   1.96674871615023e-01
   2.02506326830695e-01
   2.04244984347383e-01
   2.02924564684941e-01
   1.99670693515052e-01
   1.95445337078741e-01
   1.90958892110524e-01
   1.86700234932432e-01
   1.82980530788840e-01
   1.79997253197367e-01
   1.77866289318902e-01
   1.76663457403991e-01
   1.76434155817721e-01
   1.77218602014336e-01
   1.79049400761479e-01
   1.81969197949436e-01
   1.86022570242165e-01
   1.91269313327527e-01
   1.97771328733981e-01
   2.05598099070490e-01
   2.14799603458776e-01
   2.25384182343454e-01
   2.37239415916163e-01
   2.50013113137736e-01
   2.62873172405554e-01
   2.74170252877104e-01
   2.81080231912372e-01
   2.79823986252438e-01
   2.67727827211277e-01
   2.47397035602945e-01
   2.22541777555139e-01
   1.95913945232166e-01
   1.69088971152134e-01
   1.42818478047251e-01
   1.17371285800365e-01
   9.27665429512971e-02
   6.88984343106501e-02
   4.56063427103187e-02
   2.27047630491729e-02
   2.43616749297852e-02
   4.88281399996455e-02
   7.34713837692665e-02
   9.82894937981022e-02
   1.23142238873698e-01
   1.47660334538992e-01
   1.71116972381287e-01
   1.92307043258618e-01
   2.09536243368641e-01
   2.20992994258321e-01
   2.25739498332342e-01
   2.24817873670349e-01
   2.20144573078321e-01
   2.13522197092411e-01
   2.06265742588450e-01
   1.99218515423336e-01
   1.92868472338439e-01
   1.87483281031351e-01
   1.83193141077985e-01
   1.80061507964699e-01
   1.78111788594071e-01
   1.77360527370075e-01
   1.77820040635945e-01
   1.79518278192422e-01
   1.82493697377767e-01
   1.86811568481543e-01
   1.92557074545091e-01
   1.99850674126310e-01
   2.08839367425820e-01
   2.19705704483459e-01
   2.32641472049184e-01
   2.47809443733167e-01
   2.65202116822122e-01
   2.84336268666460e-01
   3.03554537763702e-01
   3.18788493800235e-01
   3.22303034264221e-01
   3.05611351263771e-01
   2.77124966362808e-01
   2.44501865890960e-01
   2.11731771693028e-01
   1.80387753630552e-01
   1.50865328210880e-01
   1.23074641201759e-01
   9.67497993761068e-02
   7.15815450228592e-02
   4.72608034063166e-02
   2.34939201661629e-02
   2.60095322540443e-02
   5.22573001099531e-02
   7.89592595570701e-02
   1.06271966929741e-01
   1.34226078167682e-01
   1.62594693306832e-01
   1.90668109061581e-01
   2.16903782930401e-01
   2.38584476412875e-01
   2.52024935150740e-01
   2.54648351044762e-01
   2.49146592544241e-01
   2.39322282505565e-01
   2.28012446609948e-01
   2.16886478190443e-01
   2.06786059061023e-01
   1.98082190500065e-01
   1.90896437330921e-01
   1.85241460307496e-01
   1.81080533537603e-01
   1.78373026045745e-01
   1.77082014327729e-01
   1.77194359103923e-01
   1.78715936345187e-01
   1.81687398263465e-01
   1.86178868653944e-01
   1.92308253494847e-01
   2.00240739786796e-01
   2.10214172050649e-01
   2.22547970694470e-01
   2.37677222724525e-01
   2.56160055785668e-01
   2.78659616586393e-01
   3.05720136621783e-01
   3.36932256276729e-01
   3.68220583411064e-01
   3.84996422023798e-01
   3.55293440306000e-01
   3.10996591165637e-01
   2.66612198730654e-01
   2.26129247843771e-01
   1.89867528723043e-01
   1.57184818902405e-01
   1.27314028849615e-01
   9.95794282972144e-02
   7.34182818840169e-02
   4.83628979947452e-02
   2.40104959190947e-02
   2.74195210211701e-02
   5.52336973088934e-02
   8.38374825040879e-02
   1.13615870160136e-01
   1.44897218637790e-01
   1.77828444296000e-01
   2.12059472952854e-01
   2.46060986025506e-01
   2.75876068827579e-01
   2.93880602305878e-01
   2.91686090610789e-01
   2.77805637254485e-01
   2.59989756949371e-01
   2.42327566424275e-01
   2.26486360580033e-01
   2.12966610146889e-01
   2.01782868990571e-01
   1.92789039023794e-01
   1.85801101159285e-01
   1.80656857241021e-01
   1.77223347434085e-01
   1.75411182225682e-01
   1.75165140956794e-01
   1.76474886125590e-01
   1.79366809106953e-01
   1.83919386052076e-01
   1.90261978118418e-01
   1.98600763693568e-01
   2.09234093445206e-01
   2.22605281124353e-01
   2.39364621606393e-01
   2.60503858558639e-01
   2.87561046708201e-01
   3.22961581207260e-01
   3.70238237126614e-01
   4.32173444675154e-01
   4.94172606931950e-01
   4.19576650527489e-01
   3.44959177960026e-01
   2.84827195051413e-01
   2.36308296838420e-01
   1.95773150344725e-01
   1.60694534448523e-01
   1.29420753699006e-01
   1.00837052622036e-01
   7.41513957383709e-02
   4.87627415180703e-02
   2.41858826234348e-02
   2.84355368744398e-02
   5.74211839729015e-02
   8.75431388745185e-02
   1.19458197804082e-01
   1.53921838003190e-01
   1.91764441556237e-01
   2.33684973731214e-01
   2.79407298929499e-01
   3.24984021400097e-01
   3.55938580299535e-01
   3.40416677006786e-01
   3.10403906922111e-01
   2.80511427968537e-01
   2.54825969378458e-01
   2.33773525843316e-01
   2.16815819347303e-01
   2.03303083246355e-01
   1.92680738788877e-01
   1.84527048765840e-01
   1.78527677727655e-01
   1.74462714613897e-01
   1.72179611815833e-01
   1.71590745944166e-01
   1.72657109977383e-01
   1.75396220577594e-01
   1.79875316934630e-01
   1.86230033879512e-01
   1.94671559645777e-01
   2.05526378724715e-01
   2.19279555370312e-01
   2.36681875025136e-01
   2.58934543244597e-01
   2.88128250395034e-01
   3.28331374752486e-01
   3.88894005209850e-01
   4.96066385635102e-01
   7.39951331156343e-01
   4.83884909262779e-01
   3.64442655458536e-01
   2.91432079138968e-01
   2.38508829191541e-01
   1.96224605288998e-01
   1.60403418477478e-01
   1.28839115569598e-01
   1.00199339030028e-01
   7.35885483093076e-02
   4.83521540855638e-02
   2.39706420864075e-02
   2.89017738336905e-02
   5.84736523733298e-02
   8.94566797462150e-02
   1.22754502140504e-01
   1.59569123451682e-01
   2.01626294687761e-01
   2.51510924980548e-01
   3.12904163600850e-01
   3.88716958132677e-01
   4.64479053000819e-01
   4.03641481418602e-01
   3.42888902611824e-01
   2.96829905298863e-01
   2.62699244072065e-01
   2.36970193200470e-01
   2.17228685306609e-01
   2.01937487694100e-01
   1.90113010174933e-01
   1.81103526561169e-01
   1.74473763921726e-01
   1.69925258263302e-01
   1.67263766969885e-01
   1.66366262650627e-01
   1.67176675098000e-01
   1.69690808298299e-01
   1.73965674783106e-01
   1.80116378459221e-01
   1.88338904533466e-01
   1.98925256057754e-01
   2.12314161842515e-01
   2.29153500293877e-01
   2.50433141493402e-01
   2.77690450692757e-01
   3.13349944765735e-01
   3.60944058212807e-01
   4.23254237930403e-01
   4.85685012655386e-01
   4.11575547216736e-01
   3.37497541518231e-01
   2.77955147310277e-01
   2.30072867211545e-01
   1.90217406058761e-01
   1.55857354546026e-01
   1.25336134305728e-01
   9.75339481165328e-02
   7.16532355312571e-02
   4.70873440726208e-02
   2.33451789049281e-02
   2.86985132654125e-02
   5.81155934307987e-02
   8.90572371889561e-02
   1.22535240297791e-01
   1.59976845314805e-01
   2.03662512432825e-01
   2.57832380079847e-01
   3.31983856914675e-01
   4.52505765187853e-01
   7.09622098307909e-01
   4.66787437486604e-01
   3.60683696702125e-01
   3.01227064064718e-01
   2.62174706396458e-01
   2.34187093174619e-01
   2.13195394553387e-01
   1.97113578239665e-01
   1.84734728473055e-01
   1.75309182313779e-01
   1.68343248171989e-01
   1.63510033236605e-01
   1.60588727889492e-01
   1.59443303314458e-01
   1.59997371164092e-01
   1.62234143517586e-01
   1.66185026423024e-01
   1.71940265795237e-01
   1.79647154942213e-01
   1.89530674813899e-01
   2.01902888990101e-01
   2.17193499560940e-01
   2.35958372786523e-01
   2.58858581297772e-01
   2.86437873650931e-01
   3.18285465122064e-01
   3.50325085484029e-01
   3.67965537445534e-01
   3.39237868912859e-01
   2.96022493530975e-01
   2.52820746603134e-01
   2.13614744619145e-01
   1.78716900869962e-01
   1.47476021895084e-01
   1.19115646697582e-01
   9.29494917273409e-02
   6.84040283633588e-02
   4.50000218270666e-02
   2.23230400666147e-02
   2.77769759589634e-02
   5.62341001108503e-02
   8.61223009841429e-02
   1.18354616485902e-01
   1.54141932054203e-01
   1.95217843628493e-01
   2.44174190728431e-01
   3.04697452531984e-01
   3.79702617523073e-01
   4.54721420068996e-01
   3.93205408347583e-01
   3.31837527378977e-01
   2.85223299066594e-01
   2.50592330529624e-01
   2.24411790963169e-01
   2.04259776061000e-01
   1.88590714774318e-01
   1.76411222174233e-01
   1.67059472706170e-01
   1.60088484157016e-01
   1.55187309579566e-01
   1.52146531923845e-01
   1.50825354323887e-01
   1.51144196374914e-01
   1.53067888805508e-01
   1.56608819970877e-01
   1.61816967607855e-01
   1.68787393220350e-01
   1.77651733888744e-01
   1.88581516953965e-01
   2.01763370070023e-01
   2.17356108254013e-01
   2.35351493455967e-01
   2.55264756241981e-01
   2.75438376687885e-01
   2.91801648349654e-01
   2.96617326544793e-01
   2.81393630761202e-01
   2.54536519690187e-01
   2.23695426311434e-01
   1.92850680935115e-01
   1.63563268909988e-01
   1.36215880866451e-01
   1.10703726335189e-01
   8.67454896466946e-02
   6.40150554225802e-02
   4.21862524881506e-02
   2.09475263300557e-02
   2.61758124889750e-02
   5.29220644465387e-02
   8.08448076905571e-02
   1.10620052554456e-01
   1.43020990331085e-01
   1.78894307347985e-01
   2.18952622170398e-01
   2.62931195276853e-01
   3.06890277843370e-01
   3.36358054901965e-01
   3.19480531209184e-01
   2.88240611539925e-01
   2.57242307696818e-01
   2.30562791320989e-01
   2.08614649254171e-01
   1.90844775323230e-01
   1.76585509952465e-01
   1.65263791098983e-01
   1.56436653149649e-01
   1.49767908718856e-01
   1.45012138099840e-01
   1.41988856851932e-01
   1.40575502465316e-01
   1.40690342850216e-01
   1.42292546582988e-01
   1.45369550879191e-01
   1.49939443256111e-01
   1.56037784281477e-01
   1.63715170696931e-01
   1.73011989974737e-01
   1.83929815454856e-01
   1.96354894877606e-01
   2.09933505160632e-01
   2.23834701795168e-01
   2.36408016629739e-01
   2.44828891706157e-01
   2.45314166746068e-01
   2.35185510762688e-01
   2.17039409411889e-01
   1.94576032470554e-01
   1.70533288961748e-01
   1.46471421780437e-01
   1.23123569276020e-01
   1.00739201700777e-01
   7.93157555207197e-02
   5.87252480297821e-02
   3.87834501750859e-02
   1.92810798342811e-02
   2.40044537666171e-02
   4.84344878355476e-02
   7.37155414007137e-02
   1.00261680827340e-01
   1.28428870390687e-01
   1.58388562284120e-01
   1.89812448959711e-01
   2.21188075808609e-01
   2.48571322667009e-01
   2.64344436212169e-01
   2.60120520162323e-01
   2.44407251239771e-01
   2.24945349419360e-01
   2.05807690059663e-01
   1.88642363983071e-01
   1.73925523897458e-01
   1.61646135785698e-01
   1.51628578358557e-01
   1.43659014296192e-01
   1.37541488554138e-01
   1.33108189755137e-01
   1.30228596881274e-01
   1.28801245615702e-01
   1.28756560314958e-01
   1.30046208601321e-01
   1.32644798357879e-01
   1.36537227616757e-01
   1.41716383301515e-01
   1.48162822901386e-01
   1.55828439668367e-01
   1.64592486213193e-01
   1.74206748276144e-01
   1.84196183844069e-01
   1.93738633074596e-01
   2.01533070358655e-01
   2.05797244934566e-01
   2.04627583979146e-01
   1.96999661239707e-01
   1.83861849382183e-01
   1.67040066186121e-01
   1.48236886731204e-01
   1.28668790010864e-01
   1.09069199698552e-01
   8.98161015891767e-02
   7.10540471708995e-02
   5.27881541807691e-02
   3.49417065576525e-02
   1.73938198432310e-02
   2.14079430458801e-02
   4.30963301925932e-02
   6.53224671475491e-02
   8.82831286656936e-02
   1.12046354685475e-01
   1.36419909045897e-01
   1.60723436307598e-01
   1.83439018644745e-01
   2.01866148189069e-01
   2.12329897423493e-01
   2.12254196273093e-01
   2.04324908368622e-01
   1.92329098844275e-01
   1.79082935011926e-01
   1.66227077629186e-01
   1.54571750859865e-01
   1.44450860665564e-01
   1.35948505270638e-01
   1.29035614433058e-01
   1.23634125596670e-01
   1.19657057398745e-01
   1.17019476602385e-01
   1.15650982292607e-01
   1.15491867088284e-01
   1.16497616898555e-01
   1.18629614614947e-01
   1.21854891736159e-01
   1.26131036128464e-01
   1.31397714038532e-01
   1.37549671988012e-01
   1.44411062034810e-01
   1.51686462576277e-01
   1.58911573317706e-01
   1.65393382971506e-01
   1.70193620992307e-01
   1.72201966643400e-01
   1.70403920845821e-01
   1.64325918576146e-01
   1.54372265562721e-01
   1.41487362383109e-01
   1.26708687757031e-01
   1.10899135990298e-01
   9.46708509448928e-02
   7.84030355907251e-02
   6.22978760878656e-02
   4.64322687818436e-02
   3.08022584289204e-02
   1.53527121149141e-02
   1.85311824729411e-02
   3.72211785920806e-02
   5.61954478755917e-02
   7.55035113261882e-02
   9.50544659286400e-02
   1.14523501149135e-01
   1.33223683872014e-01
   1.49981315103684e-01
   1.63126007645901e-01
   1.70858344918102e-01
   1.72243423857850e-01
   1.68313200151379e-01
   1.60965446039330e-01
   1.51972496280111e-01
   1.42613745935712e-01
   1.33688597967187e-01
   1.25639736935827e-01
   1.18684375385458e-01
   1.12903655490701e-01
   1.08308012103339e-01
   1.04869390553731e-01
   1.02547109251057e-01
   1.01294354240713e-01
   1.01068221731247e-01
   1.01825803616208e-01
   1.03527040740570e-01
   1.06124677174674e-01
   1.09560924373251e-01
   1.13750226946991e-01
   1.18567026025173e-01
   1.23818394796290e-01
   1.29221714091528e-01
   1.34372851565235e-01
   1.38734559246148e-01
   1.41648429526706e-01
   1.42417462036742e-01
   1.40462318809481e-01
   1.35531664295789e-01
   1.27815741163628e-01
   1.17831659925496e-01
   1.06212850188595e-01
   9.35507842513533e-02
   8.03131674842287e-02
   6.68291795618530e-02
   5.33029199399265e-02
   3.98419183530265e-02
   2.64827329904366e-02
   1.32151495773869e-02
   1.54959357953510e-02
   3.10620891567648e-02
   4.67356116975563e-02
   6.24816679673765e-02
   7.81461075304412e-02
   9.33969297244319e-02
   1.07668701236032e-01
   1.20137836855392e-01
   1.29801011677483e-01
   1.35735618782305e-01
   1.37551268693910e-01
   1.35720845986134e-01
   1.31250774473885e-01
   1.25229907364225e-01
   1.18571006400177e-01
   1.11931399225382e-01
   1.05739648433320e-01
   1.00247999919783e-01
   9.55914205573648e-02
   9.18273884311819e-02
   8.89703710359948e-02
   8.70078015647120e-02
   8.59161964736159e-02
   8.56634797486833e-02
   8.62154494900081e-02
   8.75306741480703e-02
   8.95609038685965e-02
   9.22403098724920e-02
   9.54801500052422e-02
   9.91522671579444e-02
   1.03078457692880e-01
   1.07011468087737e-01
   1.10627937329035e-01
   1.13525719412526e-01
   1.15252078636109e-01
   1.15359070321175e-01
   1.13499790107898e-01
   1.09524374722485e-01
   1.03530437559919e-01
   9.58121132200202e-02
   8.67627817523577e-02
   7.67791183988320e-02
   6.62037769932921e-02
   5.52984195177856e-02
   4.42440048185503e-02
   3.31502517274293e-02
   2.20722605245779e-02
   1.10253207938703e-02
   1.23906126329399e-02
   2.47961794849572e-02
   3.72036627089957e-02
   4.95425302117639e-02
   6.16520603201620e-02
   7.32510199994788e-02
   8.39173097784302e-02
   9.31024261564256e-02
   1.00205784440978e-01
   1.04734417815585e-01
   1.06506613109862e-01
   1.05771127750767e-01
   1.03088527914628e-01
   9.91287096249078e-02
   9.45107781100816e-02
   8.97300165860555e-02
   8.51414086106375e-02
   8.09804827340553e-02
   7.73887031794994e-02
   7.44438679875532e-02
   7.21790482716333e-02
   7.06017704216414e-02
   6.97013396582422e-02
   6.94583455816000e-02
   6.98440384440633e-02
   7.08235796272720e-02
   7.23501248685424e-02
   7.43634509807341e-02
   7.67799036056872e-02
   7.94874684130857e-02
   8.23337106953306e-02
   8.51215742167258e-02
   8.76035896666771e-02
   8.94918282379095e-02
   9.04768133504857e-02
   9.02701331395009e-02
   8.86549251508377e-02
   8.55383940441962e-02
   8.09708351805239e-02
   7.51259193835192e-02
   6.82481232119554e-02
   6.06009963582828e-02
   5.24252269023812e-02
   4.39180717655303e-02
   3.52249852509064e-02
   2.64436452822948e-02
   1.76310174649050e-02
   8.81414860860340e-03
   9.27055664897406e-03
   1.85285801116972e-02
   2.77409900087929e-02
   3.68331794558877e-02
   4.56696724580609e-02
   5.40384453057581e-02
   6.16485911589913e-02
   6.81496432478623e-02
   7.31871675093050e-02
   7.64907148651658e-02
   7.79718786441349e-02
   7.77697567109687e-02
   7.62060586317184e-02
   7.36870103160112e-02
   7.06162150707222e-02
   6.73379952919699e-02
   6.41185518672071e-02
   6.11454388857699e-02
   5.85422862867697e-02
   5.63820298578113e-02
   5.47035549284238e-02
   5.35206402048909e-02
   5.28324885595438e-02
   5.26262939917985e-02
   5.28822360877294e-02
   5.35712430093660e-02
   5.46559798458923e-02
   5.60851910608215e-02
   5.77918616139673e-02
   5.96856528929165e-02
   6.16505062904776e-02
   6.35390970983699e-02
   6.51759779493359e-02
   6.63626414719081e-02
   6.68959190330160e-02
   6.65910331808846e-02
   6.53137910328551e-02
   6.30045876170192e-02
   5.96906599202798e-02
   5.54735706928488e-02
   5.05044939378802e-02
   4.49522841768247e-02
   3.89793615183885e-02
   3.27242125778449e-02
   2.62950972213535e-02
   1.97686646863287e-02
   1.31944581304240e-02
   6.60036946015096e-03
   6.16311944072476e-03
   1.23069273196652e-02
   1.83987931163502e-02
   2.43801857227680e-02
   3.01554256680822e-02
   3.55854749284187e-02
   4.04895458453851e-02
   4.46616662255567e-02
   4.79032561002885e-02
   5.00709533513850e-02
   5.11212955817288e-02
   5.11317739536171e-02
   5.02799280953229e-02
   4.87990946525293e-02
   4.69301716214971e-02
   4.48894255530381e-02
   4.28505482643257e-02
   4.09428172268183e-02
   3.92542258669192e-02
   3.78409083841546e-02
   3.67338024862964e-02
   3.59473196615530e-02
   3.54830085722058e-02
   3.53347108596636e-02
   3.54887023599871e-02
   3.59257711953608e-02
   3.66186772718255e-02
   3.75320135026104e-02
   3.86179774868204e-02
   3.98152221753242e-02
   4.10447838570851e-02
   4.22106418633506e-02
   4.31997237418359e-02
   4.38889795895710e-02
   4.41542304246168e-02
   4.38862202605743e-02
   4.30055455185346e-02
   4.14771962727794e-02
   3.93144433808975e-02
   3.65746325710834e-02
   3.33446516639765e-02
   2.97254167540080e-02
   2.58162225111188e-02
   2.17051418566947e-02
   1.74628643825616e-02
   1.31419568183502e-02
   8.77795131018811e-03
   4.39303825463904e-03
   3.07510541000742e-03
   6.13733088670071e-03
   9.16740243366151e-03
   1.21335713209729e-02
   1.49869185327251e-02
   1.76588182226550e-02
   2.00632069975609e-02
   2.21046581696547e-02
   2.36941878212990e-02
   2.47690812290264e-02
   2.53117058898347e-02
   2.53567369060872e-02
   2.49840751529691e-02
   2.42999669337086e-02
   2.34173805735022e-02
   2.24397507737405e-02
   2.14529436946738e-02
   2.05218724476167e-02
   1.96925274333576e-02
   1.89944312727048e-02
   1.84451265778348e-02
   1.80527086500446e-02
   1.78192506675721e-02
   1.77417306229457e-02
   1.78138341206668e-02
   1.80253504394478e-02
   1.83626661112699e-02
   1.88070781004709e-02
   1.93344846872238e-02
   1.99133117123367e-02
   2.05043601191204e-02
   2.10597536125921e-02
   2.15247873541439e-02
   2.18400542217541e-02
   2.19471668438865e-02
   2.17947320800311e-02
   2.13461883408199e-02
   2.05847865839314e-02
   1.95163284266885e-02
   1.81663509396440e-02
   1.65749197202700e-02
   1.47888954795196e-02
   1.28556248086979e-02
   1.08175488630544e-02
   8.70970431276433e-03
   6.55851729847929e-03
   4.38257521400535e-03
   2.19388936102652e-03
