3.00
3.02
3.05
3.08
3.14
3.19
3.26
3.34
3.43
3.51
3.61
3.70
3.82
3.95
4.07
4.20
4.37
4.54
4.67
4.84
5.01
5.20
5.35
5.55
5.76
5.94
6.18
6.46
6.73
6.98
7.28
7.58
7.93
8.26
8.67
9.06
9.55
10.03
10.67
11.20
11.83
12.49
13.32
14.08
15.10
16.37
17.69
19.19
20.79
22.55
24.98
28.11
31.40
35.48
40.97
46.35
50.82
57.48
62.82
66.95
70.47
71.85
71.85
70.83
69.18
67.74
66.16
64.90
63.65
62.59
61.51
60.64
59.88
59.15
58.53
57.91
57.37
56.81
56.27
55.77
55.30
54.90
54.48
54.10
53.74
53.37
53.09
52.79
52.51
52.25
51.98
51.70
51.45
51.25
51.11
51.02
51.00
51.00
51.00
51.00
51.00
