3.00
3.01
3.05
3.10
3.19
3.27
3.40
3.52
3.65
3.81
3.98
4.13
4.30
4.47
4.64
4.79
4.99
5.19
5.38
5.59
5.83
6.06
6.35
6.59
6.83
7.08
7.41
7.71
7.98
8.33
8.72
9.17
9.58
10.05
10.50
11.01
11.60
12.24
13.00
13.77
14.57
15.49
16.58
17.62
19.15
20.46
22.31
24.41
26.85
29.74
33.54
38.21
42.89
49.26
57.79
70.46
84.40
102.80
125.78
145.05
156.81
156.55
150.59
145.14
140.81
136.53
133.16
130.43
127.91
125.70
123.79
122.06
120.51
119.02
117.67
116.50
115.32
114.25
113.21
112.20
111.21
110.37
109.50
108.72
107.94
107.23
106.53
105.85
105.17
104.54
103.98
103.46
102.93
102.46
101.99
101.57
101.17
101.01
101.00
101.00
101.00
