3.00
3.02
3.03
3.05
3.08
3.11
3.14
3.18
3.23
3.29
3.35
3.42
3.49
3.57
3.65
3.74
3.83
3.94
4.03
4.14
4.27
4.38
4.51
4.62
4.76
4.93
5.07
5.23
5.41
5.60
5.81
6.02
6.25
6.46
6.71
6.88
7.17
7.49
7.84
8.17
8.64
8.96
9.42
9.94
10.49
11.11
11.64
12.40
13.44
14.50
15.39
16.67
17.80
18.94
20.02
21.21
22.02
22.91
23.85
24.52
25.12
25.73
25.92
25.96
25.94
25.86
25.63
25.41
25.17
24.90
24.58
24.25
23.95
23.71
23.43
23.18
22.97
22.79
22.58
22.40
22.24
22.06
21.90
21.77
21.65
21.53
21.41
21.31
21.23
21.15
21.08
21.05
21.02
21.01
21.00
21.00
21.00
21.00
21.00
21.00
21.00
