   1.05760810452751e-04
   2.11525311501492e-04
   3.17292761184564e-04
   4.23055144570519e-04
   5.28791131757180e-04
   6.34464793205328e-04
   7.40017978616261e-04
   8.45370561604508e-04
   9.50411345858292e-04
   1.05499985266853e-03
   1.15895596502577e-03
   1.26206334117347e-03
   1.36405813736040e-03
   1.46463422637461e-03
   1.56343148833263e-03
   1.66004312486652e-03
   1.75400415900986e-03
   1.84480124297334e-03
   1.93186213568957e-03
   2.01456847184643e-03
   2.09224704896570e-03
   2.16418601256851e-03
   2.22962873447393e-03
   2.28779372369939e-03
   2.33787166641148e-03
   2.37904905494510e-03
   2.41050856135296e-03
   2.43145588179192e-03
   2.44112304988502e-03
   2.43879737209945e-03
   2.42382663989833e-03
   2.39564840374087e-03
   2.35379546462619e-03
   2.29792327171715e-03
   2.22781374432859e-03
   2.14339845164946e-03
   2.04475887825210e-03
   1.93214334935542e-03
   1.80596233966530e-03
   1.66679780482485e-03
   1.51539293307406e-03
   1.35265345635090e-03
   1.17963213412447e-03
   9.97522500739741e-04
   8.07639112446661e-04
   6.11404835859281e-04
   4.10328334738797e-04
   2.05986340031861e-04
   2.11492939052068e-04
   4.22996995270005e-04
   6.34516025249691e-04
   8.46036159292411e-04
   1.05752167800650e-03
   1.26890134008556e-03
   1.48006731877837e-03
   1.69085844528379e-03
   1.90106217758347e-03
   2.11039506213429e-03
   2.31850781801653e-03
   2.52496355580752e-03
   2.72924622874241e-03
   2.93073743155379e-03
   3.12872868535066e-03
   3.32239794982020e-03
   3.51082644089733e-03
   3.69297628560516e-03
   3.86771276854762e-03
   4.03378477231606e-03
   4.18985343065353e-03
   4.33447703604129e-03
   4.46614694363020e-03
   4.58327838673903e-03
   4.68425402698617e-03
   4.76742151253170e-03
   4.83114424813254e-03
   4.87380554147654e-03
   4.89386500726285e-03
   4.88986787345027e-03
   4.86050410758145e-03
   4.80462014156473e-03
   4.72127662570224e-03
   4.60975883479680e-03
   4.46962829243256e-03
   4.30072780385645e-03
   4.10322235377716e-03
   3.87759527959410e-03
   3.62467490523779e-03
   3.34561974518989e-03
   3.04192906162756e-03
   2.71541680539559e-03
   2.36820620260297e-03
   2.00269387559946e-03
   1.62153017257502e-03
   1.22757613802354e-03
   8.23872283245138e-04
   4.13591633668824e-04
   3.17163271386551e-04
   6.34354150602138e-04
   9.51586980104271e-04
   1.26885431467875e-03
   1.58610883247906e-03
   1.90325941822698e-03
   2.22014831210374e-03
   2.53655169071289e-03
   2.85215234273934e-03
   3.16654476044447e-03
   3.47920394493935e-03
   3.78949523389860e-03
   4.09664023549248e-03
   4.39973191585381e-03
   4.69769912113698e-03
   4.98932780412113e-03
   5.27322607525755e-03
   5.54785280330473e-03
   5.81148555857188e-03
   6.06225807802674e-03
   6.29813370407871e-03
   6.51695321851612e-03
   6.71641627929538e-03
   6.89414073462261e-03
   7.04765395560012e-03
   7.17446379950061e-03
   7.27206052322663e-03
   7.33799802978601e-03
   7.36990526461744e-03
   7.36557439229540e-03
   7.32297848136947e-03
   7.24036119571404e-03
   7.11625564982570e-03
   6.94956863047160e-03
   6.73959436346678e-03
   6.48608579782150e-03
   6.18925717333161e-03
   5.84983585253340e-03
   5.46904915521856e-03
   5.04865250033070e-03
   4.59089860866862e-03
   4.09854071470169e-03
   3.57478516169263e-03
   3.02327130906175e-03
   2.44801092521263e-03
   1.85334843998230e-03
   1.24389187660080e-03
   6.24458031579081e-04
   4.22731432474184e-04
   8.45518150498646e-04
   1.26840096396238e-03
   1.69138535932540e-03
   2.11443320345808e-03
   2.53743546316225e-03
   2.96020987698833e-03
   3.38246742603724e-03
   3.80381586150783e-03
   4.22372047113745e-03
   4.64151357441283e-03
   5.05635060693378e-03
   5.46722604532625e-03
   5.87292641816141e-03
   6.27205358201422e-03
   6.66297692810916e-03
   7.04386544925787e-03
   7.41264206945975e-03
   7.76702641690272e-03
   8.10449472432508e-03
   8.42233549091668e-03
   8.71761858624895e-03
   8.98726582158605e-03
   9.22803249938562e-03
   9.43659408271661e-03
   9.60954224551372e-03
   9.74348715652493e-03
   9.83506801070243e-03
   9.88106795400738e-03
   9.87843628123415e-03
   9.82441005796751e-03
   9.71654217292317e-03
   9.55282095236730e-03
   9.33169588162882e-03
   9.05218485604044e-03
   8.71388852742847e-03
   8.31707507019637e-03
   7.86267532053539e-03
   7.35233729579847e-03
   6.78839743814505e-03
   6.17390107246484e-03
   5.51254924807325e-03
   4.80868569348718e-03
   4.06722268191000e-03
   3.29359858199084e-03
   2.49368878935210e-03
   1.67373993116273e-03
   8.40272857817294e-04
   5.28143781960495e-04
   1.05638858028673e-03
   1.58481343840298e-03
   2.11346124839285e-03
   2.64230875468165e-03
   3.17125984684093e-03
   3.70010754390322e-03
   4.22853448297164e-03
   4.75606726291267e-03
   5.28208405430648e-03
   5.80576220554180e-03
   6.32609326435261e-03
   6.84182542597018e-03
   7.35148678397683e-03
   7.85332501196523e-03
   8.34534032041907e-03
   8.82522565160347e-03
   9.29041152410328e-03
   9.73801086010847e-03
   1.01648784859229e-02
   1.05675652889967e-02
   1.09423953557313e-02
   1.12854341735005e-02
   1.15925858992197e-02
   1.18595794384141e-02
   1.20820868263240e-02
   1.22557289603336e-02
   1.23762133673298e-02
   1.24393581114524e-02
   1.24412434881773e-02
   1.23782485846895e-02
   1.22472073521845e-02
   1.20454483877331e-02
   1.17709425343393e-02
   1.14223339595368e-02
   1.09990652092912e-02
   1.05013877348975e-02
   9.93045203510494e-03
   9.28828883501473e-03
   8.57785644019364e-03
   7.80298906006994e-03
   6.96839948546584e-03
   6.07959688905810e-03
   5.14284853635663e-03
   4.16507394793022e-03
   3.15377300702774e-03
   2.11690556185786e-03
   1.06279452791174e-03
   6.33332203828511e-04
   1.26682970186219e-03
   1.90063624541177e-03
   2.53484303696826e-03
   3.16947622163048e-03
   3.80445618375598e-03
   4.43959361340916e-03
   5.07453922976007e-03
   5.70878810771666e-03
   6.34162048614653e-03
   6.97211437844501e-03
   7.59907884752666e-03
   8.22107547314059e-03
   8.83634639343500e-03
   9.44284595654460e-03
   1.00381669108571e-02
   1.06195844751714e-02
   1.11839852118013e-02
   1.17279266711914e-02
   1.22475745078952e-02
   1.27387815378227e-02
   1.31970392346293e-02
   1.36175800986297e-02
   1.39953493631629e-02
   1.43251335475659e-02
   1.46015565438695e-02
   1.48192346979494e-02
   1.49727981315866e-02
   1.50570685437447e-02
   1.50671017841487e-02
   1.49983792463827e-02
   1.48468621715362e-02
   1.46091822203170e-02
   1.42826932911517e-02
   1.38656433859020e-02
   1.33572077217972e-02
   1.27576240391099e-02
   1.20681927725410e-02
   1.12913621636238e-02
   1.04306871124524e-02
   9.49085785773009e-03
   8.47761705151310e-03
   7.39773393491574e-03
   6.25888644158127e-03
   5.06958905959321e-03
   3.83905113712600e-03
   2.57706946390040e-03
   1.29387481117711e-03
   7.38206609118337e-04
   1.47666962577718e-03
   2.21561507931175e-03
   2.95521892527916e-03
   3.69556546923900e-03
   4.43663770646229e-03
   5.17826434782022e-03
   5.92011960634893e-03
   6.66165913447853e-03
   7.40212894218409e-03
   8.14049128072352e-03
   8.87544289616255e-03
   9.60533286254700e-03
   1.03281911635439e-02
   1.10416416930693e-02
   1.17429432055296e-02
   1.24289021164233e-02
   1.30959290812129e-02
   1.37399576942786e-02
   1.43565211342461e-02
   1.49406840778484e-02
   1.54871446001279e-02
   1.59901871091514e-02
   1.64438144499457e-02
   1.68417287971663e-02
   1.71774970295681e-02
   1.74445636698991e-02
   1.76364485667056e-02
   1.77467908493628e-02
   1.77695718041619e-02
   1.76991818737481e-02
   1.75306543149298e-02
   1.72597400390226e-02
   1.68831312330282e-02
   1.63985237523931e-02
   1.58048069907714e-02
   1.51020930808440e-02
   1.42918518895934e-02
   1.33768915762297e-02
   1.23614256422788e-02
   1.12509991335345e-02
   1.00524856636721e-02
   8.77396427262050e-03
   7.42465432943656e-03
   6.01475591849605e-03
   4.55533629104190e-03
   3.05814951182098e-03
   1.53548887608166e-03
   8.42655365973923e-04
   1.68568391376071e-03
   2.52943057702862e-03
   3.37417135280498e-03
   4.22009666814005e-03
   5.06725767661034e-03
   5.91556036517674e-03
   6.76469871663112e-03
   7.61415885627010e-03
   8.46313964744880e-03
   9.31056661679555e-03
   1.01550015083473e-02
   1.09946664798657e-02
   1.18273454115434e-02
   1.26504199692457e-02
   1.34607670540348e-02
   1.42548097599280e-02
   1.50284171850811e-02
   1.57769749348286e-02
   1.64952953666989e-02
   1.71777137761612e-02
   1.78180185624100e-02
   1.84095800032148e-02
   1.89453100909650e-02
   1.94178300280282e-02
   1.98194676907156e-02
   2.01424667538659e-02
   2.03790250866547e-02
   2.05215421706190e-02
   2.05626940307105e-02
   2.04957067170808e-02
   2.03144537040116e-02
   2.00137335361660e-02
   1.95893666562761e-02
   1.90384481992902e-02
   1.83594166364470e-02
   1.75522517649245e-02
   1.66184904015550e-02
   1.55613467060302e-02
   1.43856606303680e-02
   1.30979311446179e-02
   1.17061977319170e-02
   1.02199918981633e-02
   8.65016499185745e-03
   7.00877396769468e-03
   5.30887556170518e-03
   3.56436562993007e-03
   1.78975922850185e-03
   9.46536464331991e-04
   1.89359805375980e-03
   2.84167172548477e-03
   3.79118144872893e-03
   4.74243570455713e-03
   5.69561485800419e-03
   6.65070372289991e-03
   7.60749002202968e-03
   8.56548202742954e-03
   9.52391732176014e-03
   1.04816664190398e-02
   1.14372516917681e-02
   1.23887391209995e-02
   1.33337683151402e-02
   1.42694361938476e-02
   1.51923405459089e-02
   1.60984615291454e-02
   1.69832231603670e-02
   1.78413808963791e-02
   1.86671076052579e-02
   1.94538978328433e-02
   2.01946866685890e-02
   2.08817829085673e-02
   2.15070299216875e-02
   2.20617797249276e-02
   2.25371032603764e-02
   2.29238141083320e-02
   2.32127302622890e-02
   2.33947488061499e-02
   2.34611517604234e-02
   2.34037216811551e-02
   2.32150715360880e-02
   2.28887780724818e-02
   2.24197033953863e-02
   2.18041126058760e-02
   2.10399480133371e-02
   2.01268952883824e-02
   1.90665746660155e-02
   1.78625287304728e-02
   1.65203092452808e-02
   1.50473775743536e-02
   1.34530859953371e-02
   1.17485015228423e-02
   9.94629838763684e-03
   8.06052946374121e-03
   6.10645527254153e-03
   4.10029006346190e-03
   2.05899099847854e-03
   1.04967964598255e-03
   2.10006859707635e-03
   3.15184194161920e-03
   4.20559106875213e-03
   5.26180329808770e-03
   6.32079601026655e-03
   7.38270862090138e-03
   8.44741972200995e-03
   9.51455006555025e-03
   1.05833629023264e-02
   1.16527771335385e-02
   1.27212521765203e-02
   1.37868113674996e-02
   1.48469142872121e-02
   1.58984919685772e-02
   1.69378117747981e-02
   1.79605280546853e-02
   1.89615473961951e-02
   1.99351010203779e-02
   2.08746213536206e-02
   2.17728453265199e-02
   2.26217161803654e-02
   2.34125291629023e-02
   2.41358742514899e-02
   2.47818361711360e-02
   2.53399926659181e-02
   2.57996775041089e-02
   2.61500432078460e-02
   2.63803870797613e-02
   2.64802757140285e-02
   2.64399197410973e-02
   2.62503409065047e-02
   2.59037637008932e-02
   2.53937886211127e-02
   2.47157541773474e-02
   2.38668694955843e-02
   2.28464961910855e-02
   2.16561968328689e-02
   2.02998978450173e-02
   1.87838291686472e-02
   1.71165541288601e-02
   1.53088030356098e-02
   1.33733834641385e-02
   1.13249342568920e-02
   9.17974778319054e-03
   6.95548094706153e-03
   4.67092364409359e-03
   2.34569850054458e-03
   1.15187648481886e-03
   2.30468910702840e-03
   3.45932915420698e-03
   4.61661395253672e-03
   5.77722461711305e-03
   6.94169080196244e-03
   8.11030980832812e-03
   9.28314332664454e-03
   1.04599173195641e-02
   1.16400291848160e-02
   1.28224288149058e-02
   1.40056353200263e-02
   1.51876011121421e-02
   1.63657386097391e-02
   1.75367712641418e-02
   1.86967726933071e-02
   1.98410114071214e-02
   2.09640076929289e-02
   2.20593824260028e-02
   2.31199406590652e-02
   2.41375390424002e-02
   2.51032089322423e-02
   2.60070607519463e-02
   2.68384623148248e-02
   2.75860002880988e-02
   2.82377292478701e-02
   2.87812078023810e-02
   2.92038279741359e-02
   2.94929338507610e-02
   2.96362270239182e-02
   2.96219576515179e-02
   2.94393802683667e-02
   2.90789834703177e-02
   2.85329467124928e-02
   2.77953534800996e-02
   2.68625840216969e-02
   2.57334493621096e-02
   2.44094582312773e-02
   2.28948238454893e-02
   2.11965689958105e-02
   1.93243912512034e-02
   1.72906086505538e-02
   1.51099066827723e-02
   1.27991599870948e-02
   1.03771080306265e-02
   7.86410102132139e-03
   5.28175196393000e-03
   2.65264606031726e-03
   1.25288433795839e-03
   2.50696944773250e-03
   3.76341722248765e-03
   5.02329390076353e-03
   6.28754686497488e-03
   7.55692807804811e-03
   8.83198419425126e-03
   1.01129588448341e-02
   1.13997937887787e-02
   1.26920094810088e-02
   1.39887154366260e-02
   1.52884697241906e-02
   1.65892976998595e-02
   1.78885328949558e-02
   1.91828450368261e-02
   2.04680674931546e-02
   2.17392382900887e-02
   2.29904230562348e-02
   2.42147767366067e-02
   2.54043758795273e-02
   2.65503137721130e-02
   2.76425614883003e-02
   2.86701144090380e-02
   2.96209063651774e-02
   3.04820290214201e-02
   3.12397251005894e-02
   3.18797006447909e-02
   3.23872179034742e-02
   3.27475100146983e-02
   3.29459779375373e-02
   3.29686949121002e-02
   3.28026840809528e-02
   3.24364684429761e-02
   3.18603726643360e-02
   3.10670435697744e-02
   3.00516954839113e-02
   2.88125135455700e-02
   2.73507637074122e-02
   2.56710099116778e-02
   2.37810443069459e-02
   2.16918966497205e-02
   1.94175939051751e-02
   1.69749936663256e-02
   1.43834275004124e-02
   1.16644223021850e-02
   8.84129666203931e-03
   5.93883247239904e-03
   2.98287687682154e-03
   1.35241571270385e-03
   2.70634552190403e-03
   4.06325379460682e-03
   5.42452325303467e-03
   6.79138489221967e-03
   8.16490107265665e-03
   9.54587295994334e-03
   1.09348357205372e-02
   1.23319419672573e-02
   1.37369663203494e-02
   1.51491642739305e-02
   1.65672839974126e-02
   1.79894015083949e-02
   1.94129389216995e-02
   2.08344791348132e-02
   2.22497921434846e-02
   2.36536359951171e-02
   2.50397966691938e-02
   2.64008871730685e-02
   2.77284120788571e-02
   2.90125833743700e-02
   3.02424278025405e-02
   3.14056457213862e-02
   3.24887865648761e-02
   3.34771833488058e-02
   3.43552257326580e-02
   3.51064037380651e-02
   3.57137038421756e-02
   3.61597850333340e-02
   3.64275050791915e-02
   3.65002250835386e-02
   3.63624376627778e-02
   3.60001537111417e-02
   3.54015582347729e-02
   3.45573882782493e-02
   3.34615054795512e-02
   3.21111519719048e-02
   3.05073276821968e-02
   2.86548340012460e-02
   2.65623911521319e-02
   2.42424454827540e-02
   2.17110390147885e-02
   1.89874317302349e-02
   1.60937994598491e-02
   1.30547654907885e-02
   9.89702123304103e-03
   6.64885410657548e-03
   3.33975761626771e-03
   1.45014423770507e-03
   2.90215757762782e-03
   4.35786766257776e-03
   5.81899892945418e-03
   7.28714824072338e-03
   8.76369999688845e-03
   1.02498154143925e-02
   1.17463220936354e-02
   1.32537134092199e-02
   1.47720107857178e-02
   1.63007698896222e-02
   1.78389149232310e-02
   1.93847491114864e-02
   2.09357621091146e-02
   2.24886440647179e-02
   2.40390702158671e-02
   2.55817211301099e-02
   2.71100533181606e-02
   2.86163336950244e-02
   3.00914121076877e-02
   3.15247860148577e-02
   3.29044002788282e-02
   3.42167681100125e-02
   3.54468341343322e-02
   3.65781875672063e-02
   3.75930328599631e-02
   3.84725356775024e-02
   3.91969444575314e-02
   3.97461006494277e-02
   4.00997349756066e-02
   4.02381415828082e-02
   4.01426279996068e-02
   3.97962965256317e-02
   3.91845626817801e-02
   3.82959222515759e-02
   3.71223964197495e-02
   3.56601258611046e-02
   3.39095927828678e-02
   3.18759116797597e-02
   2.95687427900951e-02
   2.70022435364706e-02
   2.41946981689163e-02
   2.11682035174322e-02
   1.79481302240430e-02
   1.45626757913780e-02
   1.10422933492785e-02
   7.41922878466513e-03
   3.72700610141443e-03
   1.54569381211938e-03
   3.09366421819992e-03
   4.64613589121607e-03
   6.20524921557900e-03
   7.77298525745275e-03
   9.35114906268914e-03
   1.09412683129318e-02
   1.25445881114177e-02
   1.41619405427368e-02
   1.57937466352660e-02
   1.74398546946664e-02
   1.90995453823804e-02
   2.07713378655087e-02
   2.24529949745772e-02
   2.41412983847785e-02
   2.58320532139187e-02
   2.75198373308068e-02
   2.91980093542171e-02
   3.08584436777689e-02
   3.24915535717387e-02
   3.40860334743092e-02
   3.56289203969424e-02
   3.71053785777266e-02
   3.84988369376058e-02
   3.97908663356830e-02
   4.09614446538701e-02
   4.19889875695593e-02
   4.28507971961030e-02
   4.35233019418413e-02
   4.39827256660851e-02
   4.42055561046787e-02
   4.41694161890815e-02
   4.38537061756649e-02
   4.32405698567058e-02
   4.23155606310210e-02
   4.10685085092719e-02
   3.94939978970651e-02
   3.75919204688982e-02
   3.53675846375813e-02
   3.28318281533189e-02
   3.00007145573411e-02
   2.68952414058210e-02
   2.35407391272366e-02
   1.99663422744507e-02
   1.62042874088654e-02
   1.22893377106033e-02
   8.25814315787523e-03
   4.14873304309567e-03
   1.63864687569353e-03
   3.28002084100137e-03
   4.92680797089709e-03
   6.58158993499341e-03
   8.24682110530259e-03
   9.92473886594708e-03
   1.16173541850809e-02
   1.33263319711240e-02
   1.50529900377791e-02
   1.67981461629283e-02
   1.85621201226485e-02
   2.03445446853533e-02
   2.21443656206847e-02
   2.39596151244023e-02
   2.57874059831795e-02
   2.76236685843906e-02
   2.94631386372054e-02
   3.12990640603919e-02
   3.31231921082824e-02
   3.49254614802802e-02
   3.66940058815408e-02
   3.84148610521330e-02
   4.00720187167991e-02
   4.16471980746281e-02
   4.31200055268320e-02
   4.44678420585138e-02
   4.56662435323265e-02
   4.66890087774521e-02
   4.75087974137262e-02
   4.80975485717278e-02
   4.84273751149413e-02
   4.84712765500777e-02
   4.82042722130557e-02
   4.76042890120738e-02
   4.66533380478961e-02
   4.53383234852786e-02
   4.36519630511506e-02
   4.15932179433304e-02
   3.91676917493334e-02
   3.63875030016987e-02
   3.32710948717881e-02
   2.98426125757731e-02
   2.61312955195581e-02
   2.21706137197287e-02
   1.79975273052331e-02
   1.36516571338156e-02
   9.17463457400561e-03
   4.60945786983299e-03
   1.72853394718524e-03
   3.46029855484527e-03
   5.19847407374214e-03
   6.94616089096024e-03
   8.70630358294814e-03
   1.04816774241302e-02
   1.22747825416966e-02
   1.40878408137632e-02
   1.59226558415823e-02
   1.77806140183984e-02
   1.96625061127886e-02
   2.15685258060420e-02
   2.34980490718772e-02
   2.54496236074902e-02
   2.74207034990784e-02
   2.94076245239682e-02
   3.14052948641161e-02
   3.34071555963378e-02
   3.54048351414172e-02
   3.73881034158270e-02
   3.93445105919592e-02
   4.12593598224703e-02
   4.31153720576230e-02
   4.48927276681035e-02
   4.65688288086934e-02
   4.81184924539537e-02
   4.95139139788463e-02
   5.07251213720767e-02
   5.17202594447319e-02
   5.24664103092174e-02
   5.29302824042655e-02
   5.30794269373455e-02
   5.28832937961265e-02
   5.23147060122236e-02
   5.13510435284289e-02
   4.99756303537949e-02
   4.81786330330121e-02
   4.59579217465784e-02
   4.33192976806422e-02
   4.02765571100541e-02
   3.68509536785211e-02
   3.30705596534129e-02
   2.89692316628317e-02
   2.45856492872432e-02
   1.99622092405422e-02
   1.51441337499123e-02
   1.01786037221723e-02
   5.11413030472646e-03
   1.81484453070925e-03
   3.63346406317953e-03
   5.45959707426539e-03
   7.29688489884394e-03
   9.14885407308524e-03
   1.10188266949598e-02
   1.29099157989036e-02
   1.48249017445070e-02
   1.67662338995577e-02
   1.87358678436864e-02
   2.07352656055130e-02
   2.27651881444328e-02
   2.48256855048371e-02
   2.69158390734156e-02
   2.90337328934001e-02
   3.11761414389057e-02
   3.33384751618834e-02
   3.55144135667471e-02
   3.76958239377461e-02
   3.98723489957746e-02
   4.20313109456114e-02
   4.41572817603380e-02
   4.62320093326807e-02
   4.82340304245932e-02
   5.01386947268233e-02
   5.19179261867439e-02
   5.35404701127814e-02
   5.49719566611842e-02
   5.61755341473812e-02
   5.71124041384308e-02
   5.77429815924980e-02
   5.80279927778838e-02
   5.79301542757371e-02
   5.74156997854578e-02
   5.64562796609949e-02
   5.50304615917090e-02
   5.31252619419748e-02
   5.07369833640571e-02
   4.78717917359369e-02
   4.45454822979951e-02
   4.07829543659663e-02
   3.66170612240470e-02
   3.20873966378427e-02
   2.72388144331455e-02
   2.21201574856306e-02
   1.67830165653841e-02
   1.12808260261597e-02
   5.66810825783196e-03
   1.89701772066554e-03
   3.79840420577035e-03
   5.70848403633917e-03
   7.63151547197662e-03
   9.57161881116567e-03
   1.15327703870705e-02
   1.35186980959494e-02
   1.55328846605035e-02
   1.75784245324325e-02
   1.96580281934951e-02
   2.17738338336573e-02
   2.39274028239674e-02
   2.61194785942932e-02
   2.83499618628577e-02
   3.06176085316738e-02
   3.29199726302892e-02
   3.52530360247922e-02
   3.76111090719721e-02
   3.99863899137311e-02
   4.23688208177527e-02
   4.47455880801192e-02
   4.71009513385123e-02
   4.94157230585176e-02
   5.16671258704066e-02
   5.38283402271465e-02
   5.58685062171514e-02
   5.77524999601444e-02
   5.94412736272705e-02
   6.08920939604931e-02
   6.20594660879528e-02
   6.28960749796560e-02
   6.33544726426101e-02
   6.33887939138970e-02
   6.29570933263144e-02
   6.20234915695823e-02
   6.05605533116939e-02
   5.85510348829921e-02
   5.59893493698641e-02
   5.28820205884838e-02
   4.92475890087781e-02
   4.51155446832664e-02
   4.05249188253322e-02
   3.55223566587932e-02
   3.01603001268663e-02
   2.44951549909630e-02
   1.85858848273015e-02
   1.24928522647687e-02
   6.27712002405888e-03
   1.97445608654572e-03
   3.95390868040291e-03
   5.94332722512318e-03
   7.94760168548368e-03
   9.97153496909766e-03
   1.20197595342407e-02
   1.40967425802667e-02
   1.62066656707294e-02
   1.83534345099073e-02
   2.05405145532853e-02
   2.27709351150345e-02
   2.50470723103660e-02
   2.73706346714949e-02
   2.97423827473566e-02
   3.21620807572410e-02
   3.46281404516431e-02
   3.71375217269373e-02
   3.96852886489842e-02
   4.22644439696918e-02
   4.48653912476666e-02
   4.74756990527217e-02
   5.00794818989688e-02
   5.26571186804454e-02
   5.51846077884498e-02
   5.76333236166131e-02
   5.99694803532366e-02
   6.21541097061008e-02
   6.41428845044323e-02
   6.58866247139665e-02
   6.73318434964769e-02
   6.84221551785794e-02
   6.90998822206670e-02
   6.93085696271411e-02
   6.89956269647188e-02
   6.81155730531718e-02
   6.66329279142911e-02
   6.45250001867143e-02
   6.17835957004777e-02
   5.84159349868862e-02
   5.44441416541052e-02
   4.99039128609597e-02
   4.48421940550991e-02
   3.93146669897584e-02
   3.33830452322380e-02
   2.71128282906646e-02
   2.05714058188505e-02
   1.38268475665213e-02
   6.94714764821990e-03
   2.04651801442528e-03
   4.09870086343896e-03
   6.16218094465075e-03
   8.24254864916520e-03
   1.03452912818758e-02
   1.24757999966817e-02
   1.46392741282762e-02
   1.68407369142078e-02
   1.90848983098770e-02
   2.13761695895847e-02
   2.37184758262611e-02
   2.61152563576860e-02
   2.85692152514634e-02
   3.10822906259677e-02
   3.36553277499633e-02
   3.62879957471716e-02
   3.89783643275041e-02
   4.17227429605136e-02
   4.45151410343227e-02
   4.73470059929973e-02
   5.02065537485371e-02
   5.30783969483441e-02
   5.59427594664460e-02
   5.87750295970508e-02
   6.15449392334568e-02
   6.42161724544574e-02
   6.67457201066094e-02
   6.90838399129199e-02
   7.11739920795420e-02
   7.29536507396748e-02
   7.43553976321591e-02
   7.53091568968916e-02
   7.57449044889049e-02
   7.55964850088502e-02
   7.48056095730737e-02
   7.33262645560688e-02
   7.11283169135605e-02
   6.82003149461140e-02
   6.45504352623247e-02
   6.02059458065299e-02
   5.52108611400062e-02
   4.96227452305670e-02
   4.35088467129982e-02
   3.69425464278923e-02
   3.00002029715226e-02
   2.27589469150201e-02
   1.52952262340697e-02
   7.68424906364721e-03
   2.11253482661847e-03
   4.23142465246318e-03
   6.36301244178713e-03
   8.51359102347840e-03
   1.06894112255662e-02
   1.28966119987969e-02
   1.51412417571142e-02
   1.74291502811579e-02
   1.97660142689108e-02
   2.21571827699489e-02
   2.46076947609439e-02
   2.71220667366907e-02
   2.97042855195586e-02
   3.23575219289350e-02
   3.50840758355638e-02
   3.78849935305474e-02
   4.07599345717061e-02
   4.37066634759702e-02
   4.67208010475045e-02
   4.97951567055045e-02
   5.29193264325889e-02
   5.60788394905153e-02
   5.92545846868139e-02
   6.24217845091870e-02
   6.55492989353701e-02
   6.85985475016965e-02
   7.15228990541175e-02
   7.42668836690006e-02
   7.67661628937829e-02
   7.89477103269751e-02
   8.07312003272758e-02
   8.20310966184173e-02
   8.27603308256610e-02
   8.28348529688891e-02
   8.21794752074290e-02
   8.07337395849779e-02
   7.84575588252046e-02
   7.53350027738352e-02
   7.13759952966274e-02
   6.66150553274177e-02
   6.11079280669419e-02
   5.49264624830111e-02
   4.81532008515914e-02
   4.08761905381397e-02
   3.31849847162322e-02
   2.51677998556128e-02
   1.69101023915742e-02
   8.49423599753656e-03
   2.17180540845981e-03
   4.35068193855284e-03
   6.54368587718342e-03
   8.75786731788163e-03
   1.10002264570241e-02
   1.32777396678381e-02
   1.55972812017621e-02
   1.79656589806905e-02
   2.03894945221982e-02
   2.28752578267724e-02
   2.54290954425030e-02
   2.80568492689015e-02
   3.07638178115183e-02
   3.35547369414463e-02
   3.64334519259424e-02
   3.94028285750699e-02
   4.24643031233121e-02
   4.56176797206920e-02
   4.88605124170357e-02
   5.21877317723347e-02
   5.55908025965097e-02
   5.90571169495230e-02
   6.25688772109166e-02
   6.61022179233138e-02
   6.96258213477920e-02
   7.30998373522705e-02
   7.64744169242017e-02
   7.96887735159720e-02
   8.26702115988780e-02
   8.53341871688471e-02
   8.75850130659306e-02
   8.93183699779822e-02
   9.04252474795626e-02
   9.07981916131503e-02
   9.03389246155967e-02
   8.89672106937977e-02
   8.66289279913388e-02
   8.33022461864354e-02
   7.89998355885518e-02
   7.37670734846627e-02
   6.76763368552670e-02
   6.08193681495066e-02
   5.32990121842912e-02
   4.52221363621439e-02
   3.66941966120378e-02
   2.78160165397193e-02
   1.86823666244642e-02
   9.38220747406020e-03
   2.22361661030976e-03
   4.45502447741880e-03
   6.70202341062935e-03
   8.97240416454746e-03
   1.12739780962979e-02
   1.36145284977485e-02
   1.60018551145389e-02
   1.84436885735036e-02
   2.09477411320175e-02
   2.35215760105662e-02
   2.61726517219247e-02
   2.89081337728501e-02
   3.17349135144274e-02
   3.46593423690385e-02
   3.76871961997065e-02
   4.08233006131379e-02
   4.40713969333143e-02
   4.74336098350369e-02
   5.09101501141261e-02
   5.44985528597616e-02
   5.81931272776930e-02
   6.19838704295680e-02
   6.58555573981432e-02
   6.97862347964725e-02
   7.37458744057676e-02
   7.76944350938996e-02
   8.15801755634966e-02
   8.53375792481933e-02
   8.88859133971925e-02
   9.21280355407819e-02
   9.49507535516431e-02
   9.72266639629338e-02
   9.88189154321984e-02
   9.95886915943079e-02
   9.94060831368988e-02
   9.81626926973554e-02
   9.57844805016793e-02
   9.22412272547787e-02
   8.75504029037475e-02
   8.17737073132271e-02
   7.50080040266311e-02
   6.73729896566136e-02
   5.89990692979657e-02
   5.00172059952319e-02
   4.05521117117297e-02
   3.07185261045554e-02
   2.06203651712474e-02
   1.03518327943882e-02
   2.26724044779946e-03
   4.54299783139657e-03
   6.83579730475987e-03
   9.15420437249711e-03
   1.15068051416452e-02
   1.39022576529244e-02
   1.63492397434415e-02
   1.88565131032037e-02
   2.14328327082460e-02
   2.40870139232581e-02
   2.68277940562294e-02
   2.96638874326049e-02
   3.26037834115292e-02
   3.56557654600488e-02
   3.88276192598780e-02
   4.21265772926832e-02
   4.55588928525017e-02
   4.91296484695210e-02
   5.28421233599083e-02
   5.66973688840929e-02
   6.06932558331050e-02
   6.48236731979246e-02
   6.90770933263292e-02
   7.34352076925391e-02
   7.78708271638678e-02
   8.23457962792311e-02
   8.68081678375396e-02
   9.11895221846476e-02
   9.54019003352084e-02
   9.93355775660668e-02
   1.02857648374633e-01
   1.05813222028532e-01
   1.08029771859523e-01
   1.09326585535075e-01
   1.09529190047340e-01
   1.08488491945103e-01
   1.06100773077186e-01
   1.02323835027236e-01
   9.71831437013838e-02
   9.07660293167126e-02
   8.32059484704478e-02
   7.46628770165028e-02
   6.53047493059303e-02
   5.52935892095024e-02
   4.47769499416256e-02
   3.38844478158477e-02
   2.27279445741358e-02
   1.14043686718540e-02
   2.30195748906278e-03
   4.61313850812526e-03
   6.94280042472802e-03
   9.30024268549435e-03
   1.16948630450941e-02
   1.41361371789561e-02
   1.66336929670052e-02
   1.91972575765069e-02
   2.18367431530483e-02
   2.45621551607570e-02
   2.73836787467634e-02
   3.03115375035300e-02
   3.33560627267063e-02
   3.65274832064961e-02
   3.98359474267512e-02
   4.32912096124555e-02
   4.69025538526801e-02
   5.06783145680174e-02
   5.46256154920823e-02
   5.87496166175320e-02
   6.30529216408186e-02
   6.75343700521625e-02
   7.21878782414656e-02
   7.70004962620466e-02
   8.19503485114177e-02
   8.70036011919159e-02
   9.21111704274342e-02
   9.72044139254000e-02
   1.02190754801799e-01
   1.06948924028463e-01
   1.11325476249504e-01
   1.15133322607360e-01
   1.18155160990255e-01
   1.20153618007911e-01
   1.20890842211542e-01
   1.20156735265398e-01
   1.17802051681002e-01
   1.13766188469723e-01
   1.08088668119401e-01
   1.00897945067960e-01
   9.23838975582674e-02
   8.27651381910968e-02
   7.22611782402729e-02
   6.10735034708318e-02
   4.93761075684847e-02
   3.73131888243663e-02
   2.50018185187806e-02
   1.25373012112974e-02
   2.32705652040465e-03
   4.66402336588335e-03
   7.02084623811663e-03
   9.40756578098656e-03
   1.18343270550604e-02
   1.43114609743349e-02
   1.68494659497946e-02
   1.94591073887849e-02
   2.21513683118903e-02
   2.49375603364281e-02
   2.78292371285746e-02
   3.08383053488920e-02
   3.39768888985113e-02
   3.72574194003528e-02
   4.06924278329937e-02
   4.42945778073560e-02
   4.80763395916374e-02
   5.20498992186633e-02
   5.62266292789517e-02
   6.06167510322344e-02
   6.52284414357064e-02
   7.00670249162960e-02
   7.51334247826390e-02
   8.04224938271324e-02
   8.59203155977400e-02
   9.16010576625514e-02
   9.74224206830855e-02
   1.03320300332710e-01
   1.09201878406407e-01
   1.14938200481949e-01
   1.20356379954995e-01
   1.25234058467713e-01
   1.29298666377800e-01
   1.32236913141909e-01
   1.33719011794164e-01
   1.33441069221426e-01
   1.31180226598756e-01
   1.26846270859111e-01
   1.20503712675884e-01
   1.12349879396499e-01
   1.02663537158780e-01
   9.17499706620389e-02
   7.98990114767164e-02
   6.73612293442391e-02
   5.43392262874858e-02
   4.09892229942791e-02
   2.74280521264671e-02
   1.37426293961333e-02
   2.34186016567129e-03
   4.69427134203309e-03
   7.06784652055628e-03
   9.47329825718209e-03
   1.19215246244580e-02
   1.44236222248956e-02
   1.69909948346989e-02
   1.96353412539537e-02
   2.23687837132442e-02
   2.52038285089736e-02
   2.81535082399022e-02
   3.12313098265175e-02
   3.44513190591496e-02
   3.78281035747296e-02
   4.13768374753657e-02
   4.51131124438142e-02
   4.90529990401899e-02
   5.32127297686453e-02
   5.76086111926208e-02
   6.22564628941313e-02
   6.71712088523293e-02
   7.23658353777637e-02
   7.78503199331370e-02
   8.36296355147661e-02
   8.97013554937209e-02
   9.60518151052764e-02
   1.02651221362965e-01
   1.09446535124687e-01
   1.16352496430762e-01
   1.23239888978834e-01
   1.29922289015643e-01
   1.36142451099387e-01
   1.41563393517065e-01
   1.45771348179201e-01
   1.48302523807145e-01
   1.48703782876224e-01
   1.46627333592551e-01
   1.41930997422358e-01
   1.34726437693867e-01
   1.25330991489768e-01
   1.14167451813733e-01
   1.01669546402186e-01
   8.82214123116623e-02
   7.41312520001687e-02
   5.96288207829794e-02
   4.48752574690208e-02
   2.99777690569948e-02
   1.50047730155078e-02
   2.34572642531621e-03
   4.70259631613964e-03
   7.08181746436521e-03
   9.49475056572155e-03
   1.19529507031928e-02
   1.44682811128376e-02
   1.70529333778522e-02
   1.97195664826673e-02
   2.24813069344484e-02
   2.53519117314884e-02
   2.83457483595626e-02
   3.14779775160299e-02
   3.47645096964928e-02
   3.82221978950910e-02
   4.18687600079135e-02
   4.57229598528968e-02
   4.98044677268574e-02
   5.41339822343748e-02
   5.87329634026692e-02
   6.36235904388984e-02
   6.88282164069681e-02
   7.43689285077770e-02
   8.02663814318263e-02
   8.65384404720549e-02
   9.31976283636882e-02
   1.00247717946090e-01
   1.07678161347169e-01
   1.15456335802244e-01
   1.23515901974498e-01
   1.31740999817946e-01
   1.39944921671525e-01
   1.47844801091141e-01
   1.55035951480444e-01
   1.60977694214667e-01
   1.65011237550633e-01
   1.66439811050736e-01
   1.64690132164933e-01
   1.59520100060464e-01
   1.51136442286792e-01
   1.40076959096697e-01
   1.27002772936009e-01
   1.12536775555387e-01
   9.71835763229692e-02
   8.13116752740124e-02
   6.51680177133448e-02
   4.89040824422637e-02
   3.26022224548040e-02
   1.62983133276452e-02
   2.33807528057429e-03
   4.68781173224077e-03
   7.06096077847085e-03
   9.46943168821421e-03
   1.19254074148677e-02
   1.44413928442490e-02
   1.70303587658938e-02
   1.97057744514073e-02
   2.24817818552067e-02
   2.53732163788049e-02
   2.83958126362249e-02
   3.15662168436659e-02
   3.49022237636016e-02
   3.84227821075628e-02
   4.21482579620550e-02
   4.61004283097231e-02
   5.03027552394617e-02
   5.47803456508532e-02
   5.95601924758290e-02
   6.46710342336238e-02
   7.01434477680731e-02
   7.60094269111783e-02
   8.23020273923428e-02
   8.90541897103283e-02
   9.62971661502429e-02
   1.04057364455380e-01
   1.12351608698231e-01
   1.21178963523637e-01
   1.30508180686356e-01
   1.40257721609587e-01
   1.50266259891537e-01
   1.60250622655272e-01
   1.69752926151169e-01
   1.78087376097176e-01
   1.84320358055573e-01
   1.87349701826042e-01
   1.86169223680445e-01
   1.80318984428911e-01
   1.70218781489093e-01
   1.56834394698978e-01
   1.41227041258612e-01
   1.24288633666968e-01
   1.06662251945768e-01
   8.87619864948198e-02
   7.08260119267416e-02
   5.29696985775876e-02
   3.52279786511709e-02
   1.75858779093514e-02
   2.31839103906951e-03
   4.64888393821047e-03
   7.00367255906028e-03
   9.39515875934905e-03
   1.18360252302299e-02
   1.43393800264598e-02
   1.69188157082071e-02
   1.95885870277924e-02
   2.23636628427170e-02
   2.52599420373512e-02
   2.82943060168157e-02
   3.14848787342131e-02
   3.48510891155021e-02
   3.84139818801339e-02
   4.21963003481061e-02
   4.62228543971925e-02
   5.05206325884846e-02
   5.51192282330384e-02
   6.00509788356008e-02
   6.53514289824084e-02
   7.10594540937179e-02
   7.72176637952682e-02
   8.38723333706302e-02
   9.10734143450754e-02
   9.88736800845511e-02
   1.07327278010962e-01
   1.16486214906563e-01
   1.26394158737974e-01
   1.37074570600017e-01
   1.48510084181050e-01
   1.60606465492336e-01
   1.73133437975678e-01
   1.85632790294085e-01
   1.97293839981187e-01
   2.06828578240488e-01
   2.12465185000524e-01
   2.12314037885863e-01
   2.05364128886517e-01
   1.92581832528263e-01
   1.75811680083141e-01
   1.56779515132037e-01
   1.36725986949386e-01
   1.16412632884769e-01
   9.62462064881165e-02
   7.64028724640718e-02
   5.69196291212211e-02
   3.77533733399075e-02
   1.88168535987077e-02
   2.28624826080657e-03
   4.58493712740431e-03
   6.90862258677225e-03
   9.27007084624241e-03
   1.16824005237521e-02
   1.41591637488793e-02
   1.67145215969979e-02
   1.93633195265497e-02
   2.21213034767002e-02
   2.50051998957475e-02
   2.80329819945511e-02
   3.12239680615342e-02
   3.45991509822127e-02
   3.81813337769528e-02
   4.19955412826520e-02
   4.60692195089141e-02
   5.04327568167780e-02
   5.51197837832145e-02
   6.01678412301084e-02
   6.56188263775437e-02
   7.15198484394015e-02
   7.79238571367306e-02
   8.48906867090028e-02
   9.24878009499954e-02
   1.00791297727002e-01
   1.09886222563030e-01
   1.19866318572522e-01
   1.30831371562831e-01
   1.42880521924192e-01
   1.56096270884513e-01
   1.70510989417913e-01
   1.86038858703848e-01
   2.02346196518393e-01
   2.18621976258577e-01
   2.33230577496101e-01
   2.43364234910851e-01
   2.45253741135499e-01
   2.36237994212454e-01
   2.18929409993868e-01
   1.97047892334656e-01
   1.73350620429539e-01
   1.49420711993192e-01
   1.26013997057501e-01
   1.03405551802873e-01
   8.16182302340026e-02
   6.05514908774446e-02
   4.00483201008397e-02
   1.99278007534580e-02
   2.24131350735801e-03
   4.49530348927407e-03
   6.77476147567418e-03
   9.09273237962130e-03
   1.14626141753277e-02
   1.38983272930789e-02
   1.64144079296657e-02
   1.90262172892888e-02
   2.17500398576435e-02
   2.46033436906125e-02
   2.76048990355223e-02
   3.07751054930040e-02
   3.41361531943198e-02
   3.77124409199657e-02
   4.15308135656191e-02
   4.56211097884854e-02
   5.00165291609109e-02
   5.47543731851810e-02
   5.98766292415228e-02
   6.54310123168301e-02
   7.14719095184828e-02
   7.80619011539779e-02
   8.52732965904796e-02
   9.31904101547735e-02
   1.01912005998364e-01
   1.11554623246171e-01
   1.22256051424695e-01
   1.34179224709350e-01
   1.47514617190524e-01
   1.62478422502722e-01
   1.79297347833491e-01
   1.98160025361915e-01
   2.19086471103194e-01
   2.41612864046275e-01
   2.64103232909190e-01
   2.82503440259161e-01
   2.89094882319446e-01
   2.75401197932178e-01
   2.49846640784336e-01
   2.20096914232559e-01
   1.90151671099534e-01
   1.61589901589303e-01
   1.34815033536215e-01
   1.09742072592011e-01
   8.61116147169651e-02
   6.36187522487780e-02
   4.19599141375984e-02
   2.08456834864779e-02
   2.18336872148612e-03
   4.37952543362869e-03
   6.60139225044448e-03
   8.86214130186177e-03
   1.11753560106555e-02
   1.35551383237102e-02
   1.60163066843467e-02
   1.85745061667677e-02
   2.12464548486118e-02
   2.40500722361478e-02
   2.70047902029325e-02
   3.01317218308700e-02
   3.34540613989636e-02
   3.69973276038509e-02
   4.07898923483938e-02
   4.48633535954635e-02
   4.92532611023931e-02
   5.39997137209661e-02
   5.91484044458410e-02
   6.47516132052671e-02
   7.08698005627738e-02
   7.75733196197597e-02
   8.49450062716271e-02
   9.30832502448395e-02
   1.02106489410870e-01
   1.12158947887914e-01
   1.23418899774577e-01
   1.36109701726374e-01
   1.50515308676898e-01
   1.67000490023787e-01
   1.86035193500945e-01
   2.08212734092994e-01
   2.34222346502294e-01
   2.64635437569421e-01
   2.99061979519346e-01
   3.33447495157352e-01
   3.53217528137563e-01
   3.26421845573931e-01
   2.84955927137920e-01
   2.43338567075858e-01
   2.05566693407663e-01
   1.71969894677171e-01
   1.41912209217463e-01
   1.14634423530322e-01
   8.94660832344855e-02
   6.58509781193763e-02
   4.33262349692489e-02
   2.14946801520211e-02
   2.11231090132342e-03
   4.23739875341828e-03
   6.38817099691754e-03
   8.57781801142161e-03
   1.08199316219505e-02
   1.31286895128473e-02
   1.55189731206868e-02
   1.80065955799483e-02
   2.06084335041330e-02
   2.33427136998795e-02
   2.62291790906392e-02
   2.92894565266365e-02
   3.25472873584915e-02
   3.60290118848405e-02
   3.97639136975319e-02
   4.37848812193733e-02
   4.81289500007070e-02
   5.28382502792951e-02
   5.79609005395785e-02
   6.35524486480034e-02
   6.96774138637871e-02
   7.64116412664807e-02
   8.38451088337643e-02
   9.20861044790740e-02
   1.01266682878367e-01
   1.11550808964740e-01
   1.23145889848672e-01
   1.36320505706901e-01
   1.51431562214273e-01
   1.68968349427384e-01
   1.89625563018297e-01
   2.14428944013973e-01
   2.44950404898610e-01
   2.83640464902367e-01
   3.34057786022222e-01
   3.99003336336222e-01
   4.63902360134578e-01
   3.92109492335636e-01
   3.20213620758939e-01
   2.62732009544937e-01
   2.16804151249888e-01
   1.78808608013655e-01
   1.46227581306345e-01
   1.17415755670032e-01
   9.12660297205479e-02
   6.69918875263039e-02
   4.39987187163926e-02
   2.18064822351171e-02
   2.02817116836498e-03
   4.06896925750919e-03
   6.13516509378109e-03
   8.23980143087760e-03
   1.03963630978746e-02
   1.26189001634601e-02
   1.49222355017826e-02
   1.73220963784410e-02
   1.98353732460418e-02
   2.24802774577028e-02
   2.52766704896216e-02
   2.82462734494675e-02
   3.14130960415012e-02
   3.48037378792048e-02
   3.84479654740797e-02
   4.23791720442214e-02
   4.66351873582413e-02
   5.12590146825177e-02
   5.63000318545643e-02
   6.18152307880921e-02
   6.78711245070732e-02
   7.45459486576432e-02
   8.19329455032545e-02
   9.01445423631186e-02
   9.93185712951454e-02
   1.09626901510077e-01
   1.21288646151593e-01
   1.34590154208012e-01
   1.49917521969908e-01
   1.67811243943944e-01
   1.89065412701341e-01
   2.14922786379993e-01
   2.47505793859486e-01
   2.90914264699814e-01
   3.54521641962342e-01
   4.64602123986422e-01
   7.11275772412754e-01
   4.57897007990107e-01
   3.41054207125320e-01
   2.70569060844120e-01
   2.20106958311434e-01
   1.80230706524329e-01
   1.46771966124930e-01
   1.17533464234063e-01
   9.11891851039775e-02
   6.68508990902952e-02
   4.38696614640250e-02
   2.17322202232841e-02
   1.93111113396985e-03
   3.87456569373982e-03
   5.84284336514980e-03
   7.84871634213882e-03
   9.90537627933389e-03
   1.20266212764367e-02
   1.42269855697695e-02
   1.65219696050116e-02
   1.89281876130069e-02
   2.14636568123077e-02
   2.41479836912798e-02
   2.70027354165686e-02
   3.00516957098309e-02
   3.33213545342020e-02
   3.68412826666498e-02
   4.06448001414657e-02
   4.47695529240977e-02
   4.92584681350221e-02
   5.41606841154347e-02
   5.95329975889553e-02
   6.54414404763488e-02
   7.19636342925420e-02
   7.91916242690200e-02
   8.72360436597908e-02
   9.62315817329159e-02
   1.06345093623647e-01
   1.17787118686098e-01
   1.30829549168572e-01
   1.45832737726564e-01
   1.63289462158828e-01
   1.83897870323142e-01
   2.08686999192188e-01
   2.39231803719114e-01
   2.77985461697560e-01
   3.28508813096421e-01
   3.93604408926771e-01
   4.58698411975577e-01
   3.87145638631091e-01
   3.15534400130819e-01
   2.58380609761357e-01
   2.12821667607788e-01
   1.75233338206750e-01
   1.43094394069062e-01
   1.14755529897927e-01
   8.91051858742898e-02
   6.53520007473029e-02
   4.28962222703661e-02
   2.12524484403614e-02
   1.82143631506869e-03
   3.65478873730207e-03
   5.51211671052441e-03
   7.40575276673628e-03
   9.34846981270660e-03
   1.13536082441301e-02
   1.34352782538065e-02
   1.56084972029564e-02
   1.78894402667968e-02
   2.02956046978791e-02
   2.28461265836296e-02
   2.55619951543940e-02
   2.84664615233657e-02
   3.15853375037150e-02
   3.49475368144012e-02
   3.85855130803640e-02
   4.25360010185463e-02
   4.68406859174293e-02
   5.15472641571224e-02
   5.67105096362158e-02
   6.23938763726843e-02
   6.86712757262690e-02
   7.56296578587196e-02
   8.33721252847783e-02
   9.20223851963667e-02
   1.01730489249849e-01
   1.12681004757244e-01
   1.25103990743574e-01
   1.39290357331600e-01
   1.55611958224105e-01
   1.74545734398494e-01
   1.96691721132135e-01
   2.22745338313089e-01
   2.53283435909424e-01
   2.87920428482552e-01
   3.22605101084185e-01
   3.42764881484625e-01
   3.16449944971251e-01
   2.75554611808416e-01
   2.34594962916761e-01
   1.97563685799516e-01
   1.64784717537193e-01
   1.35615152666023e-01
   1.09287719440519e-01
   8.51229534363991e-02
   6.25548731603946e-02
   4.11102368274511e-02
   2.03810755608064e-02
   1.69958848863445e-03
   3.41053157149173e-03
   5.14431549010121e-03
   6.91270717128509e-03
   8.72787848100414e-03
   1.06025826682641e-02
   1.25502822682342e-02
   1.45853641032985e-02
   1.67232841390152e-02
   1.89808347269038e-02
   2.13763236097238e-02
   2.39299116309020e-02
   2.66638494558525e-02
   2.96029116989794e-02
   3.27747253876818e-02
   3.62103395852346e-02
   3.99446971826116e-02
   4.40174016928188e-02
   4.84734140117418e-02
   5.33641171096947e-02
   5.87483705137463e-02
   6.46940385364762e-02
   7.12796150141047e-02
   7.85964700209967e-02
   8.67513369090882e-02
   9.58695452273062e-02
   1.06098462077314e-01
   1.17611204231306e-01
   1.30608898691433e-01
   1.45318575406785e-01
   1.61977721422689e-01
   1.80785313721939e-01
   2.01770963652294e-01
   2.24479278391434e-01
   2.47281228954751e-01
   2.66127763986895e-01
   2.73303278450757e-01
   2.60332089772364e-01
   2.35636740989598e-01
   2.06878791382020e-01
   1.78051427521381e-01
   1.50724981184332e-01
   1.25292274920852e-01
   1.01655998208952e-01
   7.95430181994779e-02
   5.86335472361273e-02
   3.86082635731492e-02
   1.91613641267246e-02
   1.56615276830202e-03
   3.14296046778586e-03
   4.74121043885191e-03
   6.37194351133598e-03
   8.04660686435463e-03
   9.77717331899814e-03
   1.15763241414057e-02
   1.34575773144145e-02
   1.54355109961608e-02
   1.75259136548107e-02
   1.97460610954872e-02
   2.21149045140548e-02
   2.46534173868546e-02
   2.73848419372417e-02
   3.03351269488734e-02
   3.35332589519670e-02
   3.70118180489795e-02
   4.08074266427863e-02
   4.49614558308267e-02
   4.95206275310167e-02
   5.45379000192464e-02
   6.00732406538465e-02
   6.61946691541433e-02
   7.29791051158424e-02
   8.05133077503621e-02
   8.88942101076858e-02
   9.82284994563672e-02
   1.08629858510121e-01
   1.20211966987138e-01
   1.33072251273880e-01
   1.47257932501746e-01
   1.62697568563748e-01
   1.79070810340990e-01
   1.95578450689947e-01
   2.10594598065658e-01
   2.21318708680236e-01
   2.23985845361835e-01
   2.15935996452519e-01
   1.99779293088465e-01
   1.79230015806124e-01
   1.57036464863886e-01
   1.34769899535138e-01
   1.13171601159811e-01
   9.24998144813619e-02
   7.27586502809242e-02
   5.38273267893573e-02
   3.55274404616359e-02
   1.76558803348462e-02
   1.42184591501523e-03
   2.85352238295890e-03
   4.30497723089399e-03
   5.78640712549373e-03
   7.30836882906136e-03
   8.88193325371998e-03
   1.05187995448644e-02
   1.22314802306601e-02
   1.40334279959930e-02
   1.59392613377176e-02
   1.79649151888566e-02
   2.01279174208296e-02
   2.24475756089578e-02
   2.49453150716524e-02
   2.76449138880874e-02
   3.05729110985135e-02
   3.37588976332490e-02
   3.72359940233886e-02
   4.10411883227011e-02
   4.52158532073519e-02
   4.98060715325730e-02
   5.48630762472431e-02
   6.04433569754115e-02
   6.66086540137393e-02
   7.34252061522439e-02
   8.09621821132228e-02
   8.92881359344535e-02
   9.84645254053440e-02
   1.08533624496062e-01
   1.19497413329902e-01
   1.31281103106683e-01
   1.43673273089663e-01
   1.56233372821181e-01
   1.68166391980605e-01
   1.78197365686184e-01
   1.84564168672702e-01
   1.85383050317601e-01
   1.79644604671507e-01
   1.68312400811330e-01
   1.53223702042985e-01
   1.36092860690884e-01
   1.18145109904628e-01
   1.00123149382015e-01
   8.24119617287446e-02
   6.51635857086985e-02
   4.83890342968797e-02
   3.20178596340568e-02
   1.59345039590576e-02
   1.26751709893868e-03
   2.54391776322534e-03
   3.83819788963224e-03
   5.15956899434601e-03
   6.51758668648731e-03
   7.92225224652903e-03
   9.38416432546744e-03
   1.09146265564386e-02
   1.25258296332466e-02
   1.42309730225051e-02
   1.60444843182675e-02
   1.79821627152428e-02
   2.00614409750754e-02
   2.23015557019504e-02
   2.47238521677028e-02
   2.73519782432754e-02
   3.02122186456136e-02
   3.33336879111919e-02
   3.67486465536956e-02
   4.04926155283451e-02
   4.46045440581441e-02
   4.91266393619441e-02
   5.41040547902329e-02
   5.95839139977121e-02
   6.56136947653939e-02
   7.22381549113482e-02
   7.94943875561359e-02
   8.74035234106054e-02
   9.59577282405249e-02
   1.05099825841005e-01
   1.14693061696642e-01
   1.24478356707187e-01
   1.34020461133465e-01
   1.42653889196151e-01
   1.49461968303312e-01
   1.53355302986723e-01
   1.53335504211938e-01
   1.48945003489415e-01
   1.40600216586465e-01
   1.29257874961530e-01
   1.15964699932786e-01
   1.01593213011358e-01
   8.67628036242674e-02
   7.18603408718314e-02
   5.70939387348859e-02
   4.25467848176082e-02
   2.82200777854872e-02
   1.40640813902923e-02
   1.10413276437367e-03
   2.21609589441399e-03
   3.34381453410788e-03
   4.49541424830842e-03
   5.67931098127784e-03
   6.90433345430717e-03
   8.17981448680723e-03
   9.51573580813728e-03
   1.09228268388428e-02
   1.24127368944698e-02
   1.39981466160789e-02
   1.56929705044230e-02
   1.75124830989083e-02
   1.94735493889763e-02
   2.15947596401940e-02
   2.38966722054585e-02
   2.64019313189705e-02
   2.91354770051884e-02
   3.21245757692389e-02
   3.53988859773190e-02
   3.89902332755809e-02
   4.29322747158711e-02
   4.72596374043205e-02
   5.20066122830979e-02
   5.72048215559857e-02
   6.28797259211560e-02
   6.90450865467697e-02
   7.56948771726933e-02
   8.27913663194049e-02
   9.02486211368147e-02
   9.79105070098785e-02
   1.05524288960881e-01
   1.12713930757352e-01
   1.18964568885889e-01
   1.23639217046713e-01
   1.26057615317934e-01
   1.25656792965039e-01
   1.22197976195355e-01
   1.15883981860661e-01
   1.07241440255894e-01
   9.69135340682143e-02
   8.54990924818048e-02
   7.34735040815667e-02
   6.11718270424874e-02
   4.88043627773445e-02
   3.64835835085223e-02
   2.42512421002962e-02
   1.21015745754267e-02
   9.32771687047655e-04
   1.87222168177198e-03
   2.82511337630174e-03
   3.79837368915659e-03
   4.79918962861091e-03
   5.83508501608757e-03
   6.91403309315710e-03
   8.04453627496814e-03
   9.23575867115901e-03
   1.04976127395823e-02
   1.18409137816045e-02
   1.32774747380606e-02
   1.48202802618292e-02
   1.64835842927022e-02
   1.82830910040622e-02
   2.02360346238234e-02
   2.23613318634536e-02
   2.46795904459336e-02
   2.72131494825706e-02
   2.99858940334733e-02
   3.30230009961696e-02
   3.63502973311895e-02
   3.99933337497276e-02
   4.39757561223220e-02
   4.83169697927138e-02
   5.30285301520580e-02
   5.81091001866592e-02
   6.35372693677685e-02
   6.92620485210909e-02
   7.51906069621404e-02
   8.11739671457493e-02
   8.69923033551828e-02
   9.23444503597672e-02
   9.68493347228567e-02
   1.00070929479860e-01
   1.01577429906895e-01
   1.01034486753969e-01
   9.83046217695856e-02
   9.34949279404611e-02
   8.69091038131790e-02
   7.89477824917017e-02
   7.00151116157545e-02
   6.04594358294391e-02
   5.05483689959288e-02
   4.04675223152515e-02
   3.03315006128883e-02
   2.01994403790637e-02
   1.00908260884603e-02
   7.54607421010108e-04
   1.51466045141594e-03
   2.28567100760900e-03
   3.07329089570158e-03
   3.88337464179288e-03
   4.72206398086164e-03
   5.59585089998845e-03
   6.51167614115628e-03
   7.47699551410200e-03
   8.49989420352062e-03
   9.58915755282908e-03
   1.07543998158995e-02
   1.20061360213568e-02
   1.33559166604507e-02
   1.48163868391346e-02
   1.64014029274109e-02
   1.81260429698895e-02
   2.00066492350772e-02
   2.20607084869109e-02
   2.43067005817273e-02
   2.67636790855073e-02
   2.94506860661287e-02
   3.23857040201484e-02
   3.55841912622257e-02
   3.90568232142883e-02
   4.28064151851978e-02
   4.68235905367471e-02
   5.10811813014503e-02
   5.55270828690435e-02
   6.00759906991470e-02
   6.46006689488791e-02
   6.89248061136221e-02
   7.28205658212816e-02
   7.60158167580035e-02
   7.82162123536197e-02
   7.91452679360291e-02
   7.85977464002671e-02
   7.64898526355426e-02
   7.28808385246486e-02
   6.79512180175240e-02
   6.19524239985114e-02
   5.51533033030907e-02
   4.78000271812118e-02
   4.00940862969870e-02
   3.21853624696817e-02
   2.41750895324629e-02
   1.61239434656985e-02
   8.06216648786537e-03
   5.70898604764025e-04
   1.14594105585645e-03
   1.72932410918378e-03
   2.32534625990893e-03
   2.93846745428478e-03
   3.57335657120773e-03
   4.23496035727207e-03
   4.92855193915260e-03
   5.65981059510486e-03
   6.43487257144551e-03
   7.26042137979580e-03
   8.14373942461311e-03
   9.09280416861674e-03
   1.01163327940943e-02
   1.12238702088106e-02
   1.24258055567948e-02
   1.37334187174512e-02
   1.51588203230916e-02
   1.67148854129206e-02
   1.84150165700249e-02
   2.02728231598779e-02
   2.23015149382842e-02
   2.45130678825028e-02
   2.69169134970872e-02
   2.95181731545921e-02
   3.23151550866888e-02
   3.52961410124523e-02
   3.84352527691895e-02
   4.16876305260634e-02
   4.49841315584542e-02
   4.82264997499749e-02
   5.12842952537766e-02
   5.39958694945397e-02
   5.61758672830099e-02
   5.76316278927667e-02
   5.81885215862723e-02
   5.77203039636989e-02
   5.61751867765415e-02
   5.35864318693996e-02
   5.00616497888438e-02
   4.57566343882948e-02
   4.08449696527786e-02
   3.54927037870753e-02
   2.98420921359537e-02
   2.40043600264593e-02
   1.80592516534653e-02
   1.20588799883514e-02
   6.03379587105071e-03
   3.82970183809396e-04
   7.68732237327234e-04
   1.16011208217079e-03
   1.56000738262842e-03
   1.97141975165558e-03
   2.39749776461348e-03
   2.84156898274106e-03
   3.30718957637512e-03
   3.79817730033315e-03
   4.31866803898383e-03
   4.87314948731291e-03
   5.46652271351255e-03
   6.10413310945284e-03
   6.79183025956940e-03
   7.53598585111253e-03
   8.34353517646163e-03
   9.22195768075888e-03
   1.01792637528661e-02
   1.12238866009228e-02
   1.23645414482248e-02
   1.36099292642632e-02
   1.49683337833721e-02
   1.64469621109988e-02
   1.80510585081367e-02
   1.97826190004587e-02
   2.16387325933839e-02
   2.36093983864347e-02
   2.56749236363396e-02
   2.78029213524672e-02
   2.99453130889631e-02
   3.20358220122845e-02
   3.39889738514814e-02
   3.57017384758884e-02
   3.70592004876383e-02
   3.79449858892259e-02
   3.82560250327486e-02
   3.79189384976294e-02
   3.69034042430558e-02
   3.52273451653050e-02
   3.29516799982007e-02
   3.01669138751823e-02
   2.69767321879542e-02
   2.34832824523805e-02
   1.97768517170281e-02
   1.59304339186143e-02
   1.19984546002274e-02
   8.01837775773537e-03
   4.01406244442211e-03
   1.92200013225228e-04
   3.85804477320316e-04
   5.82235778807399e-04
   7.82950797357062e-04
   9.89461087176589e-04
   1.20334891865255e-03
   1.42629044571538e-03
   1.66007192831019e-03
   1.90661628126474e-03
   2.16799969460736e-03
   2.44648115845974e-03
   2.74451855148754e-03
   3.06479897519620e-03
   3.41025085908827e-03
   3.78406923944915e-03
   4.18971520381842e-03
   4.63092284133792e-03
   5.11166711118555e-03
   5.63612517364020e-03
   6.20857505653102e-03
   6.83325966511304e-03
   7.51414796441723e-03
   8.25461334786018e-03
   9.05694883573534e-03
   9.92173362613975e-03
   1.08469705603825e-02
   1.18270277632241e-02
   1.28513508744858e-02
   1.39030718168181e-02
   1.49576351091268e-02
   1.59817894705981e-02
   1.69333383686493e-02
   1.77622443245207e-02
   1.84135615505458e-02
   1.88324814726437e-02
   1.89710686019149e-02
   1.87954791485378e-02
   1.82916337875397e-02
   1.74673989098148e-02
   1.63503796482707e-02
   1.49822268930654e-02
   1.34114195717485e-02
   1.16865499647598e-02
   9.85134911224164e-03
   7.94187185568705e-03
   5.98560386563710e-03
   4.00201444306879e-03
   2.00402546969954e-03
